1,  2,  10,  0.253312,  0.632155,  326542,  0.00304173,  0.595608,  411139,  5.57017e-14,  5.96633e-14,  2505945,  9.67237e-15,  5.5511e-15,  233136615,
1,  2,  10,  0.253312,  0.632155,  208562,  0.00304173,  0.595608,  407129,  5.57017e-14,  5.96633e-14,  2476628,  9.67237e-15,  5.5511e-15,  263689233,
1,  4,  10,  0.150283,  0.556527,  401201,  0.0200634,  0.440326,  817554,  0,  0,  0,  0,  0,  0,
1,  4,  10,  0.150283,  0.556527,  391883,  0.0200634,  0.440326,  815630,  0,  0,  0,  0,  0,  0,
1,  8,  10,  0.172752,  0.342081,  689744,  0.0124694,  0.285618,  1546979,  0,  0,  0,  0,  0,  0,
1,  8,  10,  0.172752,  0.342081,  683037,  0.0124694,  0.285618,  1561807,  0,  0,  0,  0,  0,  0,
1,  16,  10,  0.0608737,  0.187308,  1198385,  0.0169131,  0.12231,  3082300,  0,  0,  0,  0,  0,  0,
1,  16,  10,  0.0608737,  0.187308,  1215747,  0.0169131,  0.12231,  3163860,  0,  0,  0,  0,  0,  0,
2,  2,  10,  0.33543,  0.534533,  324955,  0.00850504,  0.43989,  553843,  5.57017e-14,  5.96633e-14,  2485153,  0,  0,  0,
2,  2,  10,  0.33543,  0.534533,  328765,  0.00850504,  0.43989,  555749,  5.57017e-14,  5.96633e-14,  2476323,  0,  0,  0,
2,  4,  10,  0.153514,  0.330643,  532719,  0.0126496,  0.285641,  1029558,  0,  0,  0,  0,  0,  0,
2,  4,  10,  0.153514,  0.330643,  523641,  0.0126496,  0.285641,  1025438,  0,  0,  0,  0,  0,  0,
2,  8,  10,  0.0896735,  0.187953,  947655,  0.0160951,  0.12221,  2054627,  0,  0,  0,  0,  0,  0,
2,  8,  10,  0.0896735,  0.187953,  975270,  0.0160951,  0.12221,  2000687,  0,  0,  0,  0,  0,  0,
2,  16,  10,  0.020075,  0.0371383,  1795400,  0.00674795,  0.00870399,  3978197,  0,  0,  0,  0,  0,  0,
2,  16,  10,  0.020075,  0.0371383,  1776376,  0.00674795,  0.00870399,  3987082,  0,  0,  0,  0,  0,  0,
4,  2,  10,  0.288714,  0.411405,  202852,  0.0237537,  0.28657,  427204,  5.57017e-14,  5.96633e-14,  2474143,  0,  0,  0,
4,  2,  10,  0.288714,  0.411405,  210869,  0.0237537,  0.28657,  448412,  5.57017e-14,  5.96633e-14,  2478797,  0,  0,  0,
4,  4,  10,  0.110673,  0.205811,  347655,  0.0368189,  0.146007,  827094,  0,  0,  0,  0,  0,  0,
4,  4,  10,  0.110673,  0.205811,  358671,  0.0368189,  0.146007,  819501,  0,  0,  0,  0,  0,  0,
4,  8,  10,  0.0323128,  0.0549684,  621543,  0.00872314,  0.0159356,  1582853,  0,  0,  0,  0,  0,  0,
4,  8,  10,  0.0323128,  0.0549684,  626344,  0.00872314,  0.0159356,  1583448,  0,  0,  0,  0,  0,  0,
4,  16,  10,  3.65841e-06,  3.60994e-06,  1146793,  0.000536171,  0.000481211,  3076806,  0,  0,  0,  0,  0,  0,
4,  16,  10,  3.65841e-06,  3.60994e-06,  1150305,  0.000536171,  0.000481211,  3031541,  0,  0,  0,  0,  0,  0,
8,  2,  10,  0.117035,  0.175927,  217870,  0.0182996,  0.123759,  458608,  5.57017e-14,  5.96633e-14,  2446025,  0,  0,  0,
8,  2,  10,  0.117035,  0.175927,  220379,  0.0182996,  0.123759,  456293,  5.57017e-14,  5.96633e-14,  2459386,  0,  0,  0,
8,  4,  10,  0.0520691,  0.0780832,  366640,  0.00578984,  0.00736162,  842114,  0,  0,  0,  0,  0,  0,
8,  4,  10,  0.0520691,  0.0780832,  360363,  0.00578984,  0.00736162,  839940,  0,  0,  0,  0,  0,  0,
8,  8,  10,  0.00110004,  0.00103244,  637398,  0.000435889,  0.000395873,  1592676,  0,  0,  0,  0,  0,  0,
8,  8,  10,  0.00110004,  0.00103244,  646858,  0.000435889,  0.000395873,  1592074,  0,  0,  0,  0,  0,  0,
8,  16,  10,  2.46377e-10,  2.07493e-10,  1196872,  3.38238e-05,  2.81262e-05,  3134690,  0,  0,  0,  0,  0,  0,
8,  16,  10,  2.46377e-10,  2.07493e-10,  1183723,  3.38238e-05,  2.81262e-05,  3120964,  0,  0,  0,  0,  0,  0,
16,  2,  10,  0.0585868,  0.0718737,  325199,  0.00293477,  0.00372551,  711310,  5.57017e-14,  5.96633e-14,  2283855,  9.67237e-15,  5.5511e-15,  233136615,
16,  2,  10,  0.0585868,  0.0718737,  261813,  0.00293477,  0.00372551,  514828,  5.57017e-14,  5.96633e-14,  2317817,  9.67237e-15,  5.5511e-15,  263689233,
16,  4,  10,  0.00485366,  0.00489036,  433340,  0.000282938,  0.00026284,  961133,  0,  0,  0,  0,  0,  0,
16,  4,  10,  0.00485366,  0.00489036,  407265,  0.000282938,  0.00026284,  955197,  0,  0,  0,  0,  0,  0,
16,  8,  10,  3.4356e-06,  2.90727e-06,  735599,  1.29657e-05,  1.07316e-05,  1872695,  0,  0,  0,  0,  0,  0,
16,  8,  10,  3.4356e-06,  2.90727e-06,  719189,  1.29657e-05,  1.07316e-05,  1821358,  0,  0,  0,  0,  0,  0,
16,  16,  10,  1.3502e-14,  8.58704e-15,  1375651,  8.72631e-07,  7.06811e-07,  3605130,  0,  0,  0,  0,  0,  0,
16,  16,  10,  1.3502e-14,  8.58704e-15,  1447314,  8.72631e-07,  7.06811e-07,  3819825,  0,  0,  0,  0,  0,  0,
32,  2,  10,  0.0200261,  0.0181575,  285374,  0.000155828,  0.000142509,  526568,  5.57017e-14,  5.96633e-14,  2302863,  0,  0,  0,
32,  2,  10,  0.0200261,  0.0181575,  278034,  0.000155828,  0.000142509,  528345,  5.57017e-14,  5.96633e-14,  2266982,  0,  0,  0,
32,  4,  10,  0.000262099,  0.00021789,  445800,  7.51228e-06,  6.25264e-06,  962207,  0,  0,  0,  0,  0,  0,
32,  4,  10,  0.000262099,  0.00021789,  472559,  7.51228e-06,  6.25264e-06,  977512,  0,  0,  0,  0,  0,  0,
32,  8,  10,  7.41949e-09,  6.01902e-09,  813420,  5.22556e-07,  4.22803e-07,  1906016,  0,  0,  0,  0,  0,  0,
32,  8,  10,  7.41949e-09,  6.01902e-09,  810445,  5.22556e-07,  4.22803e-07,  2080683,  0,  0,  0,  0,  0,  0,
32,  16,  10,  1.30716e-14,  7.88279e-15,  1588137,  1.92138e-07,  1.54461e-07,  3747847,  0,  0,  0,  0,  0,  0,
32,  16,  10,  1.30716e-14,  7.88279e-15,  1566201,  1.92138e-07,  1.54461e-07,  3633283,  0,  0,  0,  0,  0,  0,
64,  2,  10,  0.00526135,  0.00436339,  314341,  8.63741e-05,  6.98754e-05,  557450,  5.57017e-14,  5.96633e-14,  2352234,  0,  0,  0,
64,  2,  10,  0.00526135,  0.00436339,  306133,  8.63741e-05,  6.98754e-05,  573222,  5.57017e-14,  5.96633e-14,  2303671,  0,  0,  0,
64,  4,  10,  1.72501e-05,  1.3993e-05,  536106,  5.95863e-05,  4.79387e-05,  1024730,  0,  0,  0,  0,  0,  0,
64,  4,  10,  1.72501e-05,  1.3993e-05,  546606,  5.95863e-05,  4.79387e-05,  1029189,  0,  0,  0,  0,  0,  0,
64,  8,  10,  3.14616e-11,  2.53385e-11,  1028897,  4.30941e-05,  3.46315e-05,  2059219,  0,  0,  0,  0,  0,  0,
64,  8,  10,  3.14616e-11,  2.53385e-11,  964955,  4.30941e-05,  3.46315e-05,  2041988,  0,  0,  0,  0,  0,  0,
64,  16,  10,  1.3179e-14,  7.87615e-15,  2011436,  2.94342e-05,  2.36466e-05,  4075108,  0,  0,  0,  0,  0,  0,
64,  16,  10,  1.3179e-14,  7.87615e-15,  1987076,  2.94342e-05,  2.36466e-05,  4076959,  0,  0,  0,  0,  0,  0,
128,  2,  10,  0.00143726,  0.00116298,  398311,  6.01713e-05,  4.84152e-05,  705367,  5.57017e-14,  5.96633e-14,  2330272,  0,  0,  0,
128,  2,  10,  0.00143726,  0.00116298,  396032,  6.01713e-05,  4.84152e-05,  715307,  5.57017e-14,  5.96633e-14,  2288211,  0,  0,  0,
128,  4,  10,  1.31523e-06,  1.05908e-06,  700225,  4.3077e-05,  3.4617e-05,  1366952,  0,  0,  0,  0,  0,  0,
128,  4,  10,  1.31523e-06,  1.05908e-06,  697435,  4.3077e-05,  3.4617e-05,  1395158,  0,  0,  0,  0,  0,  0,
128,  8,  10,  1.52684e-13,  1.22533e-13,  1363477,  2.96033e-05,  2.37823e-05,  2892091,  0,  0,  0,  0,  0,  0,
128,  8,  10,  1.52684e-13,  1.22533e-13,  1378608,  2.96033e-05,  2.37823e-05,  2912718,  0,  0,  0,  0,  0,  0,
128,  16,  10,  1.33095e-14,  8.0609e-15,  2803930,  2.00946e-05,  1.61421e-05,  5916119,  0,  0,  0,  0,  0,  0,
128,  16,  10,  1.33095e-14,  8.0609e-15,  2868869,  2.00946e-05,  1.61421e-05,  5865045,  0,  0,  0,  0,  0,  0,