4,  2,  100,  0.586462,  0,  349113,  0.112354,  0,  497652,  3.91707e-11,  0,  2302911,  0,  0,  260366914,
4,  2,  100,  0.586462,  0,  233848,  0.112354,  0,  514053,  3.91707e-11,  0,  2247979,  0,  0,  301041057,
4,  4,  100,  0.483682,  0,  426188,  0.106311,  0,  928553,  1.26046e-11,  0,  2174463,  0,  0,  0,
4,  4,  100,  0.483682,  0,  406436,  0.106311,  0,  948440,  1.26046e-11,  0,  2187352,  0,  0,  0,
4,  8,  100,  0.270688,  0,  706634,  0.0486185,  0,  1808518,  2.68867e-12,  0,  2574271,  0,  0,  0,
4,  8,  100,  0.270688,  0,  685780,  0.0486185,  0,  1813453,  2.68867e-12,  0,  2580746,  0,  0,  0,
4,  16,  100,  0.0541636,  0,  1338799,  0.0134052,  0,  3618770,  2.1722e-14,  0,  5137798,  0,  0,  0,
4,  16,  100,  0.0541636,  0,  1396582,  0.0134052,  0,  3571541,  2.1722e-14,  0,  5088488,  0,  0,  0,
4,  32,  100,  0.00191432,  0,  2562055,  0.000372308,  0,  7204383,  6.09143e-14,  0,  10262163,  0,  0,  0,
4,  32,  100,  0.00191432,  0,  2596750,  0.000372308,  0,  7220152,  6.09143e-14,  0,  10222891,  0,  0,  0,
4,  64,  100,  1.8212e-14,  0,  5177977,  8.93806e-11,  0,  14237856,  1.90123e-12,  0,  28945437,  0,  0,  0,
4,  64,  100,  1.8212e-14,  0,  5363658,  8.93806e-11,  0,  14206255,  1.90123e-12,  0,  29567243,  0,  0,  0,
4,  128,  100,  1.4134e-14,  0,  7313514,  1.55854e-14,  0,  19071046,  1.90123e-12,  0,  44180956,  0,  0,  0,
4,  128,  100,  1.4134e-14,  0,  7344803,  1.55854e-14,  0,  19331287,  1.90123e-12,  0,  42634002,  0,  0,  0,
8,  2,  100,  0.435659,  0,  235376,  0.106508,  0,  502917,  1.26046e-11,  0,  2131599,  0,  0,  0,
8,  2,  100,  0.435659,  0,  236741,  0.106508,  0,  520218,  1.26046e-11,  0,  2141319,  0,  0,  0,
8,  4,  100,  0.263465,  0,  389270,  0.0600645,  0,  970680,  2.68867e-12,  0,  2512910,  0,  0,  0,
8,  4,  100,  0.263465,  0,  405554,  0.0600645,  0,  927338,  2.68867e-12,  0,  2496300,  0,  0,  0,
8,  8,  100,  0.0610872,  0,  736443,  0.0111406,  0,  1819082,  2.1722e-14,  0,  5096991,  0,  0,  0,
8,  8,  100,  0.0610872,  0,  704578,  0.0111406,  0,  1823601,  2.1722e-14,  0,  5114547,  0,  0,  0,
8,  16,  100,  0.00246191,  0,  1360918,  0.000629669,  0,  3608868,  6.09143e-14,  0,  10142134,  0,  0,  0,
8,  16,  100,  0.00246191,  0,  1372249,  0.000629669,  0,  3643756,  6.09143e-14,  0,  10218081,  0,  0,  0,
8,  32,  100,  4.58749e-10,  0,  2726351,  1.59066e-11,  0,  7194683,  1.90123e-12,  0,  28589911,  0,  0,  0,
8,  32,  100,  4.58749e-10,  0,  2724604,  1.59066e-11,  0,  7255252,  1.90123e-12,  0,  28547843,  0,  0,  0,
8,  64,  100,  1.54879e-14,  0,  3798100,  1.6479e-14,  0,  14481954,  1.90123e-12,  0,  70406832,  0,  0,  0,
8,  64,  100,  1.54879e-14,  0,  3713373,  1.6479e-14,  0,  14439404,  1.90123e-12,  0,  71565434,  0,  0,  0,
8,  128,  100,  1.54879e-14,  0,  3815213,  1.53655e-14,  0,  28841831,  1.90123e-12,  0,  169154189,  0,  0,  0,
8,  128,  100,  1.54879e-14,  0,  3745492,  1.53655e-14,  0,  28906116,  1.90123e-12,  0,  163462750,  0,  0,  0,
16,  2,  100,  0.350152,  0,  286929,  0.0577988,  0,  595370,  2.68867e-12,  0,  2539874,  1.51284e-14,  0,  260366914,
16,  2,  100,  0.350152,  0,  280908,  0.0577988,  0,  534797,  2.68867e-12,  0,  2566688,  1.51284e-14,  0,  301041057,
16,  4,  100,  0.0785866,  0,  456374,  0.0136066,  0,  1032974,  2.1722e-14,  0,  5107892,  0,  0,  0,
16,  4,  100,  0.0785866,  0,  451588,  0.0136066,  0,  1003857,  2.1722e-14,  0,  5076562,  0,  0,  0,
16,  8,  100,  0.00214481,  0,  835283,  0.000472247,  0,  1940580,  6.09143e-14,  0,  10137630,  0,  0,  0,
16,  8,  100,  0.00214481,  0,  839058,  0.000472247,  0,  1943431,  6.09143e-14,  0,  10102128,  0,  0,  0,
16,  16,  100,  1.30547e-08,  0,  1597936,  5.90453e-12,  0,  3815633,  1.90123e-12,  0,  28539519,  0,  0,  0,
16,  16,  100,  1.30547e-08,  0,  1594314,  5.90453e-12,  0,  3940945,  1.90123e-12,  0,  27837441,  0,  0,  0,
16,  32,  100,  1.58938e-14,  0,  2233831,  1.97106e-14,  0,  7563883,  1.90123e-12,  0,  73770319,  0,  0,  0,
16,  32,  100,  1.58938e-14,  0,  2144303,  1.97106e-14,  0,  7528900,  1.90123e-12,  0,  71343977,  0,  0,  0,
16,  64,  100,  1.58938e-14,  0,  2238246,  1.74843e-14,  0,  15323304,  1.90123e-12,  0,  170349249,  0,  0,  0,
16,  64,  100,  1.58938e-14,  0,  2210698,  1.74843e-14,  0,  15109234,  1.90123e-12,  0,  165204863,  0,  0,  0,
16,  128,  100,  1.58938e-14,  0,  2215745,  1.77382e-14,  0,  30568276,  1.90123e-12,  0,  381489007,  0,  0,  0,
16,  128,  100,  1.58938e-14,  0,  2212733,  1.77382e-14,  0,  30397855,  1.90123e-12,  0,  388593738,  0,  0,  0,
32,  2,  100,  0.0605412,  0,  331848,  0.00929592,  0,  545717,  2.1722e-14,  0,  4983342,  0,  0,  0,
32,  2,  100,  0.0605412,  0,  313950,  0.00929592,  0,  572497,  2.1722e-14,  0,  5053974,  0,  0,  0,
32,  4,  100,  0.00261522,  0,  545945,  0.000511056,  0,  1048951,  6.09143e-14,  0,  9958709,  0,  0,  0,
32,  4,  100,  0.00261522,  0,  541785,  0.000511056,  0,  1043590,  6.09143e-14,  0,  10037913,  0,  0,  0,
32,  8,  100,  2.57027e-07,  0,  1006181,  1.24613e-08,  0,  1975704,  1.90123e-12,  0,  28074167,  0,  0,  0,
32,  8,  100,  2.57027e-07,  0,  967057,  1.24613e-08,  0,  1981791,  1.90123e-12,  0,  28086872,  0,  0,  0,
32,  16,  100,  8.93922e-13,  0,  1192780,  1.90841e-13,  0,  3847680,  1.90123e-12,  0,  71270138,  0,  0,  0,
32,  16,  100,  8.93922e-13,  0,  1183377,  1.90841e-13,  0,  3823947,  1.90123e-12,  0,  71879653,  0,  0,  0,
32,  32,  100,  8.93922e-13,  0,  1162499,  1.87385e-13,  0,  7875804,  1.90123e-12,  0,  167665431,  0,  0,  0,
32,  32,  100,  8.93922e-13,  0,  1197634,  1.87385e-13,  0,  7943662,  1.90123e-12,  0,  169898066,  0,  0,  0,
32,  64,  100,  8.93922e-13,  0,  1229781,  1.87283e-13,  0,  15718948,  1.90123e-12,  0,  369692529,  0,  0,  0,
32,  64,  100,  8.93922e-13,  0,  1195429,  1.87283e-13,  0,  15415017,  1.90123e-12,  0,  382818237,  0,  0,  0,
32,  128,  100,  8.93922e-13,  0,  1169173,  1.87272e-13,  0,  32877082,  1.90123e-12,  0,  937087265,  0,  0,  0,
32,  128,  100,  8.93922e-13,  0,  1208078,  1.87272e-13,  0,  32942180,  1.90123e-12,  0,  921075349,  0,  0,  0,
64,  2,  100,  0.00250386,  0,  420520,  0.000344183,  0,  614046,  6.09143e-14,  0,  9906727,  0,  0,  0,
64,  2,  100,  0.00250386,  0,  420225,  0.000344183,  0,  607975,  6.09143e-14,  0,  9956205,  0,  0,  0,
64,  4,  100,  4.87918e-07,  0,  703812,  2.53821e-08,  0,  1191686,  1.90123e-12,  0,  28304621,  0,  0,  0,
64,  4,  100,  4.87918e-07,  0,  715427,  2.53821e-08,  0,  1156847,  1.90123e-12,  0,  28551942,  0,  0,  0,
64,  8,  100,  4.87918e-07,  0,  730312,  9.88427e-12,  0,  2300539,  1.90123e-12,  0,  70504264,  0,  0,  0,
64,  8,  100,  4.87918e-07,  0,  752286,  9.88427e-12,  0,  2298323,  1.90123e-12,  0,  71156389,  0,  0,  0,
64,  16,  100,  4.87918e-07,  0,  733497,  9.884e-12,  0,  4620900,  1.90123e-12,  0,  162402850,  0,  0,  0,
64,  16,  100,  4.87918e-07,  0,  737810,  9.884e-12,  0,  4695437,  1.90123e-12,  0,  167314511,  0,  0,  0,
64,  32,  100,  4.87918e-07,  0,  777230,  9.88394e-12,  0,  9518813,  1.90123e-12,  0,  390992916,  0,  0,  0,
64,  32,  100,  4.87918e-07,  0,  693045,  9.88394e-12,  0,  9373828,  1.90123e-12,  0,  387967689,  0,  0,  0,
64,  64,  100,  4.87918e-07,  0,  708650,  9.88382e-12,  0,  19535681,  1.90123e-12,  0,  910908985,  0,  0,  0,
64,  64,  100,  4.87918e-07,  0,  744252,  9.88382e-12,  0,  19997814,  1.90123e-12,  0,  929439167,  0,  0,  0,
64,  128,  100,  4.87918e-07,  0,  731634,  9.88361e-12,  0,  48213481,  1.90123e-12,  0,  2463982197,  0,  0,  0,
64,  128,  100,  4.87918e-07,  0,  748081,  9.88361e-12,  0,  47942944,  1.90123e-12,  0,  2562019881,  0,  0,  0,
128,  2,  100,  4.8553e-07,  0,  600444,  4.22999e-08,  0,  865903,  1.90123e-12,  0,  28247913,  0,  0,  0,
128,  2,  100,  4.8553e-07,  0,  610364,  4.22999e-08,  0,  828447,  1.90123e-12,  0,  28264288,  0,  0,  0,
128,  4,  100,  4.8553e-07,  0,  634044,  3.06549e-09,  0,  1599824,  1.90123e-12,  0,  72979060,  0,  0,  0,
128,  4,  100,  4.8553e-07,  0,  602564,  3.06549e-09,  0,  1574343,  1.90123e-12,  0,  73329256,  0,  0,  0,
128,  8,  100,  4.8553e-07,  0,  614327,  2.50848e-09,  0,  3387669,  1.90123e-12,  0,  168083264,  0,  0,  0,
128,  8,  100,  4.8553e-07,  0,  625664,  2.50848e-09,  0,  3487584,  1.90123e-12,  0,  169033046,  0,  0,  0,
128,  16,  100,  4.8553e-07,  0,  617565,  2.14829e-09,  0,  6716120,  1.90123e-12,  0,  388318311,  0,  0,  0,
128,  16,  100,  4.8553e-07,  0,  623834,  2.14829e-09,  0,  6785794,  1.90123e-12,  0,  385935881,  0,  0,  0,
128,  32,  100,  4.8553e-07,  0,  628138,  1.94078e-09,  0,  14835415,  1.90123e-12,  0,  933993690,  0,  0,  0,
128,  32,  100,  4.8553e-07,  0,  621518,  1.94078e-09,  0,  14885987,  1.90123e-12,  0,  932659845,  0,  0,  0,
128,  64,  100,  4.8553e-07,  0,  635059,  1.83815e-09,  0,  36147711,  1.90123e-12,  0,  2468410253,  0,  0,  0,
128,  64,  100,  4.8553e-07,  0,  631526,  1.83815e-09,  0,  36780105,  1.90123e-12,  0,  2519944979,  0,  0,  0,
128,  128,  100,  4.8553e-07,  0,  634267,  1.7694e-09,  0,  213236142,  1.90123e-12,  0,  3417205374,  0,  0,  0,
128,  128,  100,  4.8553e-07,  0,  649375,  1.7694e-09,  0,  212550830,  1.90123e-12,  0,  3423588885,  0,  0,  0,
