4,  2,  100,  0.586608,  0,  350593,  0.112341,  0,  503664,  3.91984e-11,  0,  2312888,  0,  0,  269258433,
4,  2,  100,  0.586608,  0,  265090,  0.112341,  0,  502617,  3.91984e-11,  0,  2403341,  0,  0,  307906097,
4,  4,  100,  0.483783,  0,  407901,  0.106284,  0,  938065,  1.25794e-11,  0,  2179175,  0,  0,  0,
4,  4,  100,  0.483783,  0,  382280,  0.106284,  0,  937741,  1.25794e-11,  0,  2196393,  0,  0,  0,
4,  8,  100,  0.2704,  0,  712831,  0.048757,  0,  1789265,  2.69018e-12,  0,  2604250,  0,  0,  0,
4,  8,  100,  0.2704,  0,  719549,  0.048757,  0,  1813325,  2.69018e-12,  0,  2632475,  0,  0,  0,
4,  16,  100,  0.0543972,  0,  1329987,  0.0129663,  0,  3523670,  2.13909e-14,  0,  5098821,  0,  0,  0,
4,  16,  100,  0.0543972,  0,  1347703,  0.0129663,  0,  3572011,  2.13909e-14,  0,  5265604,  0,  0,  0,
4,  32,  100,  0.00324017,  0,  2590661,  0.000441394,  0,  7065846,  7.17842e-14,  0,  10376549,  0,  0,  0,
4,  32,  100,  0.00324017,  0,  2594099,  0.000441394,  0,  7136007,  7.17842e-14,  0,  10139574,  0,  0,  0,
4,  64,  100,  0.000323871,  0,  5106977,  0.00110465,  0,  13924888,  3.0931e-13,  0,  58471037,  0,  0,  0,
4,  64,  100,  0.000323871,  0,  5187499,  0.00110465,  0,  14085452,  3.0931e-13,  0,  57127397,  0,  0,  0,
4,  128,  100,  4.83426e-05,  0,  10698183,  0.000977931,  0,  28308112,  3.07482e-13,  0,  123876982,  0,  0,  0,
4,  128,  100,  4.83426e-05,  0,  10599112,  0.000977931,  0,  28153220,  3.07482e-13,  0,  127926917,  0,  0,  0,
8,  2,  100,  0.435742,  0,  245520,  0.10649,  0,  499521,  1.25794e-11,  0,  2191059,  0,  0,  0,
8,  2,  100,  0.435742,  0,  236136,  0.10649,  0,  504896,  1.25794e-11,  0,  2204110,  0,  0,  0,
8,  4,  100,  0.263424,  0,  388298,  0.0599698,  0,  982716,  2.69018e-12,  0,  2607360,  0,  0,  0,
8,  4,  100,  0.263424,  0,  389462,  0.0599698,  0,  928456,  2.69018e-12,  0,  2602477,  0,  0,  0,
8,  8,  100,  0.0611768,  0,  704962,  0.0110395,  0,  1830441,  2.13909e-14,  0,  5160293,  0,  0,  0,
8,  8,  100,  0.0611768,  0,  718104,  0.0110395,  0,  1811113,  2.13909e-14,  0,  5153602,  0,  0,  0,
8,  16,  100,  0.00626679,  0,  1384139,  0.00058725,  0,  3578639,  7.17842e-14,  0,  10430375,  0,  0,  0,
8,  16,  100,  0.00626679,  0,  1365704,  0.00058725,  0,  3544069,  7.17842e-14,  0,  10453641,  0,  0,  0,
8,  32,  100,  0.000451748,  0,  2697777,  0.00101498,  0,  7087314,  3.0931e-13,  0,  58440202,  0,  0,  0,
8,  32,  100,  0.000451748,  0,  2724480,  0.00101498,  0,  7140113,  3.0931e-13,  0,  58893267,  0,  0,  0,
8,  64,  100,  7.50504e-05,  0,  5434987,  0.000913901,  0,  14256688,  3.07482e-13,  0,  125770666,  0,  0,  0,
8,  64,  100,  7.50504e-05,  0,  5385795,  0.000913901,  0,  14283088,  3.07482e-13,  0,  127687481,  0,  0,  0,
8,  128,  100,  2.39439e-06,  0,  11048601,  0.000792403,  0,  28611010,  3.06528e-13,  0,  231600367,  0,  0,  0,
8,  128,  100,  2.39439e-06,  0,  11088475,  0.000792403,  0,  29231679,  3.06528e-13,  0,  225104013,  0,  0,  0,
16,  2,  100,  0.350094,  0,  311720,  0.0576862,  0,  557599,  2.69018e-12,  0,  2621887,  1.68172e-14,  0,  269258433,
16,  2,  100,  0.350094,  0,  289434,  0.0576862,  0,  570877,  2.69018e-12,  0,  2593570,  1.68172e-14,  0,  307906097,
16,  4,  100,  0.0782758,  0,  483079,  0.0136912,  0,  1036525,  2.13909e-14,  0,  5234839,  0,  0,  0,
16,  4,  100,  0.0782758,  0,  480300,  0.0136912,  0,  1121323,  2.13909e-14,  0,  5098434,  0,  0,  0,
16,  8,  100,  0.00684914,  0,  849774,  0.000472134,  0,  2048075,  7.17842e-14,  0,  10103079,  0,  0,  0,
16,  8,  100,  0.00684914,  0,  837251,  0.000472134,  0,  1982197,  7.17842e-14,  0,  10136404,  0,  0,  0,
16,  16,  100,  0.000667173,  0,  1602162,  0.000932444,  0,  3963122,  3.0931e-13,  0,  57976070,  0,  0,  0,
16,  16,  100,  0.000667173,  0,  1647355,  0.000932444,  0,  3923530,  3.0931e-13,  0,  58924099,  0,  0,  0,
16,  32,  100,  0.000123898,  0,  3276886,  0.000862432,  0,  7863955,  3.07482e-13,  0,  127615253,  0,  0,  0,
16,  32,  100,  0.000123898,  0,  3109371,  0.000862432,  0,  7785451,  3.07482e-13,  0,  128093924,  0,  0,  0,
16,  64,  100,  1.45275e-05,  0,  6612176,  0.000762049,  0,  15787850,  3.06528e-13,  0,  240147307,  0,  0,  0,
16,  64,  100,  1.45275e-05,  0,  6451735,  0.000762049,  0,  15450324,  3.06528e-13,  0,  235420711,  0,  0,  0,
16,  128,  100,  1.31816e-10,  0,  13382771,  0.000616085,  0,  30692483,  3.11609e-13,  0,  431314449,  0,  0,  0,
16,  128,  100,  1.31816e-10,  0,  13431768,  0.000616085,  0,  31633814,  3.11609e-13,  0,  430118471,  0,  0,  0,
32,  2,  100,  0.0605734,  0,  321344,  0.00944379,  0,  571216,  2.13909e-14,  0,  5196531,  0,  0,  0,
32,  2,  100,  0.0605734,  0,  323102,  0.00944379,  0,  591144,  2.13909e-14,  0,  5052789,  0,  0,  0,
32,  4,  100,  0.00689138,  0,  554466,  0.000504898,  0,  1041477,  7.17842e-14,  0,  10037149,  0,  0,  0,
32,  4,  100,  0.00689138,  0,  519192,  0.000504898,  0,  1042771,  7.17842e-14,  0,  10062327,  0,  0,  0,
32,  8,  100,  0.00118419,  0,  944712,  0.000844121,  0,  2041412,  3.0931e-13,  0,  58180562,  0,  0,  0,
32,  8,  100,  0.00118419,  0,  961839,  0.000844121,  0,  2077553,  3.0931e-13,  0,  57421857,  0,  0,  0,
32,  16,  100,  0.000222835,  0,  1886936,  0.000802244,  0,  4009909,  3.07482e-13,  0,  127999574,  0,  0,  0,
32,  16,  100,  0.000222835,  0,  1941125,  0.000802244,  0,  4037454,  3.07482e-13,  0,  128508891,  0,  0,  0,
32,  32,  100,  4.63809e-05,  0,  3947874,  0.000721481,  0,  7815000,  3.06528e-13,  0,  233623497,  0,  0,  0,
32,  32,  100,  4.63809e-05,  0,  3855802,  0.000721481,  0,  8217952,  3.06528e-13,  0,  235675010,  0,  0,  0,
32,  64,  100,  2.68937e-07,  0,  8169272,  0.000592488,  0,  16475405,  3.11609e-13,  0,  425228043,  0,  0,  0,
32,  64,  100,  2.68937e-07,  0,  8063161,  0.000592488,  0,  15773340,  3.11609e-13,  0,  420167808,  0,  0,  0,
32,  128,  100,  2.05228e-14,  0,  17073315,  0.000388624,  0,  33913829,  3.15059e-13,  0,  983488822,  0,  0,  0,
32,  128,  100,  2.05228e-14,  0,  17028058,  0.000388624,  0,  33318175,  3.15059e-13,  0,  969908034,  0,  0,  0,
64,  2,  100,  0.00688004,  0,  412146,  0.000398241,  0,  616137,  7.17842e-14,  0,  10259827,  0,  0,  0,
64,  2,  100,  0.00688004,  0,  402897,  0.000398241,  0,  609173,  7.17842e-14,  0,  10108893,  0,  0,  0,
64,  4,  100,  0.00245871,  0,  702761,  0.0007849,  0,  1161802,  3.0931e-13,  0,  57559521,  0,  0,  0,
64,  4,  100,  0.00245871,  0,  713896,  0.0007849,  0,  1150499,  3.0931e-13,  0,  58054058,  0,  0,  0,
64,  8,  100,  0.00052175,  0,  1317047,  0.000755017,  0,  2225028,  3.07482e-13,  0,  126551940,  0,  0,  0,
64,  8,  100,  0.00052175,  0,  1296693,  0.000755017,  0,  2264970,  3.07482e-13,  0,  125877970,  0,  0,  0,
64,  16,  100,  0.00013862,  0,  2821737,  0.000690997,  0,  4671954,  3.06528e-13,  0,  223776637,  0,  0,  0,
64,  16,  100,  0.00013862,  0,  2747660,  0.000690997,  0,  4668559,  3.06528e-13,  0,  228423940,  0,  0,  0,
64,  32,  100,  9.26238e-06,  0,  5777071,  0.000574342,  0,  9423649,  3.11609e-13,  0,  424823332,  0,  0,  0,
64,  32,  100,  9.26238e-06,  0,  5901265,  0.000574342,  0,  9516165,  3.11609e-13,  0,  422364042,  0,  0,  0,
64,  64,  100,  1.25818e-10,  0,  12842276,  0.000380789,  0,  20231646,  3.15059e-13,  0,  1004350968,  0,  0,  0,
64,  64,  100,  1.25818e-10,  0,  12685896,  0.000380789,  0,  20266275,  3.15059e-13,  0,  1013980904,  0,  0,  0,
64,  128,  100,  2.11586e-14,  0,  34311576,  0.000122269,  0,  51144224,  3.14427e-13,  0,  1573285443,  0,  0,  0,
64,  128,  100,  2.11586e-14,  0,  34964863,  0.000122269,  0,  51472364,  3.14427e-13,  0,  1547431608,  0,  0,  0,
128,  2,  100,  0.00376393,  0,  681285,  0.000785334,  0,  825810,  3.0931e-13,  0,  56864561,  0,  0,  0,
128,  2,  100,  0.00376393,  0,  653369,  0.000785334,  0,  818799,  3.0931e-13,  0,  57259926,  0,  0,  0,
128,  4,  100,  0.000984307,  0,  1166819,  0.000744674,  0,  1573541,  3.07482e-13,  0,  122829397,  0,  0,  0,
128,  4,  100,  0.000984307,  0,  1197356,  0.000744674,  0,  1623625,  3.07482e-13,  0,  122544654,  0,  0,  0,
128,  8,  100,  0.000341144,  0,  2298447,  0.00067765,  0,  3432312,  3.06528e-13,  0,  232569814,  0,  0,  0,
128,  8,  100,  0.000341144,  0,  2387175,  0.00067765,  0,  3419424,  3.06528e-13,  0,  232651207,  0,  0,  0,
128,  16,  100,  7.5002e-05,  0,  4927765,  0.000568425,  0,  7022999,  3.11609e-13,  0,  433834319,  0,  0,  0,
128,  16,  100,  7.5002e-05,  0,  4907541,  0.000568425,  0,  6921473,  3.11609e-13,  0,  426142192,  0,  0,  0,
128,  32,  100,  3.38661e-07,  0,  10450633,  0.000379821,  0,  15073296,  3.15059e-13,  0,  1047263272,  0,  0,  0,
128,  32,  100,  3.38661e-07,  0,  10222033,  0.000379821,  0,  15324738,  3.15059e-13,  0,  1009299647,  0,  0,  0,
128,  64,  100,  2.15579e-14,  0,  29169465,  0.000128252,  0,  40646089,  3.14427e-13,  0,  1534429549,  0,  0,  0,
128,  64,  100,  2.15579e-14,  0,  29446408,  0.000128252,  0,  40995157,  3.14427e-13,  0,  1555182791,  0,  0,  0,
128,  128,  100,  2.22197e-14,  0,  116858503,  1.09373e-05,  0,  244249515,  3.13598e-13,  0,  2244454887,  0,  0,  0,
128,  128,  100,  2.22197e-14,  0,  117238526,  1.09373e-05,  0,  243223134,  3.13598e-13,  0,  2300334762,  0,  0,  0,
