16,  2,  16,  10,  1.15519,  0.903196,  3880437,  0,
16,  2,  16,  10,  1.15741,  0.903857,  2253720,  0,
16,  3,  24,  10,  1.71448,  0.820952,  3131503,  0,
16,  3,  24,  10,  1.70234,  0.813999,  3372120,  0,
16,  4,  32,  10,  1.45868,  0.500244,  3993407,  0,
16,  4,  32,  10,  1.45579,  0.485967,  3962994,  0,
16,  5,  40,  10,  1.80974,  0.45859,  4243725,  0,
16,  5,  40,  10,  1.81865,  0.461443,  4065680,  0,
16,  6,  48,  10,  1.60005,  0.318153,  4638077,  0,
16,  6,  48,  10,  1.59185,  0.315521,  4938444,  0,
16,  7,  56,  10,  1.85523,  0.30275,  5327163,  0,
16,  7,  56,  10,  1.8635,  0.293027,  5318723,  0,
16,  8,  64,  10,  1.68532,  0.231801,  5743417,  0,
16,  8,  64,  10,  1.67495,  0.225509,  5557467,  0,
16,  9,  72,  10,  1.88961,  0.214426,  6194997,  0,
16,  9,  72,  10,  1.8855,  0.224797,  6197281,  0,
16,  10,  80,  10,  1.73143,  0.172176,  7004568,  0,
16,  10,  80,  10,  1.73417,  0.167361,  6826222,  0,
16,  11,  88,  10,  1.89426,  0.163508,  7353950,  0,
16,  11,  88,  10,  1.90341,  0.168418,  7354120,  0,
16,  12,  96,  10,  1.77459,  0.135379,  8042501,  0,
16,  12,  96,  10,  1.76218,  0.134701,  7941681,  0,
16,  13,  104,  10,  1.91983,  0.132949,  8562985,  0,
16,  13,  104,  10,  1.91406,  0.135867,  8551310,  0,
16,  14,  112,  10,  1.79444,  0.110032,  9091604,  0,
16,  14,  112,  10,  1.79386,  0.104396,  9081519,  0,
16,  15,  120,  10,  1.91941,  0.108166,  9737785,  0,
16,  15,  120,  10,  1.92211,  0.111052,  9734041,  0,
16,  16,  128,  10,  1.80962,  0.0892229,  10471069,  0,
16,  16,  128,  10,  1.81781,  0.0951653,  10586421,  0,
16,  17,  136,  10,  1.9398,  0.09,  10920700,  0,
16,  17,  136,  10,  1.92446,  0.0873995,  10891644,  0,
16,  18,  144,  10,  1.83416,  0.0710085,  11392113,  0,
16,  18,  144,  10,  1.83202,  0.0788609,  10476889,  0,
16,  19,  152,  10,  1.93507,  0.0723349,  11081985,  0,
16,  19,  152,  10,  1.92748,  0.0738512,  11060817,  0,
16,  20,  160,  10,  1.8398,  0.0701208,  11563006,  0,
16,  20,  160,  10,  1.84813,  0.0653401,  11512707,  0,
16,  21,  168,  10,  1.93266,  0.0637924,  12102825,  0,
16,  21,  168,  10,  1.9409,  0.0650078,  12099791,  0,
16,  22,  176,  10,  1.86009,  0.0540152,  12627912,  0,
16,  22,  176,  10,  1.85814,  0.0509408,  12731082,  0,
16,  23,  184,  10,  1.94657,  0.0562433,  13328854,  0,
16,  23,  184,  10,  1.95335,  0.0511674,  13181655,  0,
16,  24,  192,  10,  1.86824,  0.0472004,  13660131,  0,
16,  24,  192,  10,  1.86389,  0.0475598,  13692251,  0,
16,  25,  200,  10,  1.959,  0.0503276,  14219154,  0,
16,  25,  200,  10,  1.94867,  0.0456482,  14219869,  0,
16,  26,  208,  10,  1.86756,  0.0426404,  14570859,  0,
16,  26,  208,  10,  1.87979,  0.043064,  14578071,  0,
16,  27,  216,  10,  1.94585,  0.0419862,  15143084,  0,
16,  27,  216,  10,  1.94401,  0.0438019,  15133326,  0,
16,  28,  224,  10,  1.86999,  0.0394638,  15615014,  0,
16,  28,  224,  10,  1.87683,  0.0400834,  15622895,  0,
16,  29,  232,  10,  1.94258,  0.0380924,  16205903,  0,
16,  29,  232,  10,  1.94694,  0.0338463,  16212995,  0,
16,  30,  240,  10,  1.87075,  0.0267421,  16981617,  0,
16,  30,  240,  10,  1.87942,  0.0326508,  16708962,  0,
16,  31,  248,  10,  1.93934,  0.0306186,  17284526,  0,
16,  31,  248,  10,  1.9475,  0.0323408,  17284158,  0,
16,  32,  256,  10,  1.88289,  0.0246057,  17791964,  0,
16,  32,  256,  10,  1.88268,  0.0252728,  17871971,  0,
16,  33,  264,  10,  1.94161,  0.0271307,  18351575,  0,
16,  33,  264,  10,  1.94834,  0.0250269,  18355576,  0,
16,  34,  272,  10,  1.89,  0.022218,  18832534,  0,
16,  34,  272,  10,  1.88518,  0.0235976,  18822205,  0,
16,  35,  280,  10,  1.9473,  0.0255281,  19423197,  0,
16,  35,  280,  10,  1.93589,  0.0200689,  19412683,  0,
16,  36,  288,  10,  1.88802,  0.0160864,  19925494,  0,
16,  36,  288,  10,  1.89413,  0.0224585,  19912770,  0,
16,  37,  296,  10,  1.93733,  0.0179837,  20675636,  0,
16,  37,  296,  10,  1.9429,  0.0230072,  20506930,  0,
16,  38,  304,  10,  1.89223,  0.0151642,  21001893,  0,
16,  38,  304,  10,  1.88948,  0.0194841,  21004361,  0,
16,  39,  312,  10,  1.93163,  0.0146646,  21583332,  0,
16,  39,  312,  10,  1.94532,  0.0155125,  21641636,  0,
16,  40,  320,  10,  1.87461,  0.0153511,  22174510,  0,
16,  40,  320,  10,  1.88675,  0.0134719,  21911687,  0,
16,  41,  328,  10,  1.94796,  0.01426,  22522867,  0,
16,  41,  328,  10,  1.94958,  0.0128796,  22538916,  0,
16,  42,  336,  10,  1.89198,  0.0165049,  23035012,  0,
16,  42,  336,  10,  1.89383,  0.011414,  23010630,  0,
16,  43,  344,  10,  1.93158,  0.0103732,  23584280,  0,
16,  43,  344,  10,  1.93605,  0.0145703,  23621839,  0,
16,  44,  352,  10,  1.89137,  0.0153424,  24100440,  0,
16,  44,  352,  10,  1.88808,  0.00883335,  24100695,  0,
16,  45,  360,  10,  1.93947,  0.0103286,  24677106,  0,
16,  45,  360,  10,  1.91842,  0.00821299,  24684865,  0,
16,  46,  368,  10,  1.88343,  0.00437917,  25169229,  0,
16,  46,  368,  10,  1.89218,  0.00659816,  25214038,  0,
16,  47,  376,  10,  1.92517,  0.0097844,  25760041,  0,
16,  47,  376,  10,  1.92856,  0.00547765,  25786006,  0,
16,  48,  384,  10,  1.89336,  0.00417924,  26249449,  0,
16,  48,  384,  10,  1.88096,  0.00588537,  26251291,  0,
16,  49,  392,  10,  1.92848,  0.00471901,  26862951,  0,
16,  49,  392,  10,  1.93749,  0.00381738,  26859969,  0,
16,  50,  400,  10,  1.89015,  0.00266625,  27428817,  0,
16,  50,  400,  10,  1.8842,  0.00292104,  27427893,  0,
32,  2,  32,  10,  1.61795,  0.878944,  2133724,  0,
32,  2,  32,  10,  1.61911,  0.882232,  2139953,  0,
32,  3,  48,  10,  2.40757,  0.643193,  2787618,  0,
32,  3,  48,  10,  2.41043,  0.635925,  2784379,  0,
32,  4,  64,  10,  2.05397,  0.473938,  3373310,  0,
32,  4,  64,  10,  2.04395,  0.480251,  3371522,  0,
32,  5,  80,  10,  2.56033,  0.395732,  4023306,  0,
32,  5,  80,  10,  2.5489,  0.389996,  4045759,  0,
32,  6,  96,  10,  2.25244,  0.300928,  4613415,  0,
32,  6,  96,  10,  2.24398,  0.300154,  4615595,  0,
32,  7,  112,  10,  2.61855,  0.271729,  5269322,  0,
32,  7,  112,  10,  2.62182,  0.270753,  5266787,  0,
32,  8,  128,  10,  2.36211,  0.211856,  5866358,  0,
32,  8,  128,  10,  2.35835,  0.212314,  5866178,  0,
32,  9,  144,  10,  2.65335,  0.202058,  6513029,  0,
32,  9,  144,  10,  2.6524,  0.198204,  6519724,  0,
32,  10,  160,  10,  2.42809,  0.152967,  7104977,  0,
32,  10,  160,  10,  2.43073,  0.146145,  7113519,  0,
32,  11,  176,  10,  2.67772,  0.147025,  7772290,  0,
32,  11,  176,  10,  2.68344,  0.14603,  7767770,  0,
32,  12,  192,  10,  2.48114,  0.121298,  8360298,  0,
32,  12,  192,  10,  2.47297,  0.117579,  8367044,  0,
32,  13,  208,  10,  2.68979,  0.118435,  9033090,  0,
32,  13,  208,  10,  2.69227,  0.115237,  9033607,  0,
32,  14,  224,  10,  2.51743,  0.0991995,  9870723,  0,
32,  14,  224,  10,  2.50735,  0.0968819,  9645126,  0,
32,  15,  240,  10,  2.69559,  0.0937984,  10297050,  0,
32,  15,  240,  10,  2.68421,  0.0918506,  10302481,  0,
32,  16,  256,  10,  2.54819,  0.0785975,  10898732,  0,
32,  16,  256,  10,  2.53293,  0.072821,  10965848,  0,
32,  17,  272,  10,  2.70152,  0.0758438,  11566552,  0,
32,  17,  272,  10,  2.7059,  0.0703404,  11590485,  0,
32,  18,  288,  10,  2.55136,  0.0627604,  12162479,  0,
32,  18,  288,  10,  2.55296,  0.059292,  12182401,  0,
32,  19,  304,  10,  2.6967,  0.0569916,  12841440,  0,
32,  19,  304,  10,  2.69939,  0.0558004,  12836604,  0,
32,  20,  320,  10,  2.56979,  0.0494698,  13462283,  0,
32,  20,  320,  10,  2.57918,  0.0524154,  13469722,  0,
32,  21,  336,  10,  2.70516,  0.0451759,  14118082,  0,
32,  21,  336,  10,  2.69896,  0.0452033,  14118034,  0,
32,  22,  352,  10,  2.57685,  0.0385031,  14750105,  0,
32,  22,  352,  10,  2.57939,  0.0412907,  14745626,  0,
32,  23,  368,  10,  2.69738,  0.0359215,  15391035,  0,
32,  23,  368,  10,  2.69722,  0.0386143,  15362678,  0,
32,  24,  384,  10,  2.58325,  0.0290814,  15953366,  0,
32,  24,  384,  10,  2.58796,  0.0311086,  15941421,  0,
32,  25,  400,  10,  2.69463,  0.0267179,  16624681,  0,
32,  25,  400,  10,  2.69608,  0.0335364,  16631329,  0,
32,  26,  416,  10,  2.58191,  0.0247944,  17245087,  0,
32,  26,  416,  10,  2.58831,  0.0239126,  17233148,  0,
32,  27,  432,  10,  2.68336,  0.0206354,  17910664,  0,
32,  27,  432,  10,  2.6829,  0.0227797,  17914806,  0,
32,  28,  448,  10,  2.58393,  0.0184952,  18513630,  0,
32,  28,  448,  10,  2.57264,  0.0169155,  18520527,  0,
32,  29,  464,  10,  2.68741,  0.0128516,  19197185,  0,
32,  29,  464,  10,  2.67379,  0.0147853,  19221893,  0,
32,  30,  480,  10,  2.57548,  0.00921059,  19823812,  0,
32,  30,  480,  10,  2.57937,  0.00911254,  20039173,  0,
32,  31,  496,  10,  2.67011,  0.0113022,  20977091,  0,
32,  31,  496,  10,  2.65868,  0.0107029,  20496288,  0,
32,  32,  512,  10,  2.56732,  0.0071132,  21088870,  0,
32,  32,  512,  10,  2.57425,  0.00594923,  21118021,  0,
32,  33,  528,  10,  2.64985,  0.00746151,  21786827,  0,
32,  33,  528,  10,  2.66682,  0.00582359,  21803270,  0,
32,  34,  544,  10,  2.55555,  0.00426486,  22675235,  0,
32,  34,  544,  10,  2.56726,  0.00402077,  22560245,  0,
32,  35,  560,  10,  2.63506,  0.00478587,  23330117,  0,
32,  35,  560,  10,  2.6411,  0.00481156,  23290759,  0,
32,  36,  576,  10,  2.56096,  0.00312353,  23889142,  0,
32,  36,  576,  10,  2.5462,  0.00216938,  23883956,  0,
32,  37,  592,  10,  2.62981,  0.0018324,  24553017,  0,
32,  37,  592,  10,  2.6363,  0.00258589,  24550839,  0,
32,  38,  608,  10,  2.54965,  0.00113884,  25183214,  0,
32,  38,  608,  10,  2.55474,  0.00153913,  25167187,  0,
32,  39,  624,  10,  2.62204,  0.00131269,  25864571,  0,
32,  39,  624,  10,  2.61943,  0.00110935,  25864204,  0,
32,  40,  640,  10,  2.53324,  0.000693907,  26462268,  0,
32,  40,  640,  10,  2.53594,  0.00079625,  26467209,  0,
32,  41,  656,  10,  2.59646,  0.000576519,  27283191,  0,
32,  41,  656,  10,  2.58575,  0.000650549,  27368734,  0,
32,  42,  672,  10,  2.52448,  0.000321911,  27815637,  0,
32,  42,  672,  10,  2.53816,  0.000285943,  27796861,  0,
32,  43,  688,  10,  2.57508,  0.000474427,  28481507,  0,
32,  43,  688,  10,  2.58039,  0.000508502,  28478746,  0,
32,  44,  704,  10,  2.50848,  0.000182744,  29124247,  0,
32,  44,  704,  10,  2.50337,  0.000153017,  29149704,  0,
32,  45,  720,  10,  2.57347,  0.000146378,  29821488,  0,
32,  45,  720,  10,  2.56492,  0.000159331,  29860863,  0,
32,  46,  736,  10,  2.49299,  8.99468e-05,  30403625,  0,
32,  46,  736,  10,  2.49214,  6.76768e-05,  30416946,  0,
32,  47,  752,  10,  2.54422,  9.34152e-05,  31133396,  0,
32,  47,  752,  10,  2.54785,  7.14174e-05,  31102010,  0,
32,  48,  768,  10,  2.4778,  3.58914e-05,  31746204,  0,
32,  48,  768,  10,  2.47396,  3.97168e-05,  31751209,  0,
32,  49,  784,  10,  2.52723,  4.33693e-05,  32464616,  0,
32,  49,  784,  10,  2.54274,  4.59792e-05,  32527141,  0,
32,  50,  800,  10,  2.45489,  1.77134e-05,  33176025,  0,
32,  50,  800,  10,  2.45654,  1.42428e-05,  33147134,  0,
64,  2,  64,  10,  2.28639,  0.860876,  2735434,  0,
64,  2,  64,  10,  2.28756,  0.859437,  2736545,  0,
64,  3,  96,  10,  3.39428,  0.621196,  3536801,  0,
64,  3,  96,  10,  3.38735,  0.619869,  3540374,  0,
64,  4,  128,  10,  2.88096,  0.445639,  4332924,  0,
64,  4,  128,  10,  2.87474,  0.440328,  4372375,  0,
64,  5,  160,  10,  3.57755,  0.370177,  5141072,  0,
64,  5,  160,  10,  3.57756,  0.371461,  5145696,  0,
64,  6,  192,  10,  3.13957,  0.277346,  5953967,  0,
64,  6,  192,  10,  3.14235,  0.27419,  5956574,  0,
64,  7,  224,  10,  3.66692,  0.252765,  6758282,  0,
64,  7,  224,  10,  3.6654,  0.251267,  6758302,  0,
64,  8,  256,  10,  3.28958,  0.187152,  7576338,  0,
64,  8,  256,  10,  3.30482,  0.185257,  7579866,  0,
64,  9,  288,  10,  3.70204,  0.18004,  8427649,  0,
64,  9,  288,  10,  3.6982,  0.181723,  8373008,  0,
64,  10,  320,  10,  3.37531,  0.131402,  9165076,  0,
64,  10,  320,  10,  3.37454,  0.12682,  9156409,  0,
64,  11,  352,  10,  3.71509,  0.129322,  10002401,  0,
64,  11,  352,  10,  3.70975,  0.129616,  9974443,  0,
64,  12,  384,  10,  3.41625,  0.0948316,  10780026,  0,
64,  12,  384,  10,  3.42527,  0.0983534,  10795577,  0,
64,  13,  416,  10,  3.71358,  0.0939672,  11619512,  0,
64,  13,  416,  10,  3.71318,  0.0931764,  11630379,  0,
64,  14,  448,  10,  3.44372,  0.0667878,  12592171,  0,
64,  14,  448,  10,  3.44227,  0.06394,  12455568,  0,
64,  15,  480,  10,  3.69557,  0.0688524,  13288421,  0,
64,  15,  480,  10,  3.69672,  0.0694066,  13293706,  0,
64,  16,  512,  10,  3.4616,  0.0458124,  14106921,  0,
64,  16,  512,  10,  3.46146,  0.0463414,  14113147,  0,
64,  17,  544,  10,  3.67772,  0.0465317,  14959922,  0,
64,  17,  544,  10,  3.67135,  0.0492788,  14963902,  0,
64,  18,  576,  10,  3.44901,  0.0295822,  15951918,  0,
64,  18,  576,  10,  3.45851,  0.0276962,  15781607,  0,
64,  19,  608,  10,  3.65505,  0.0299916,  16651988,  0,
64,  19,  608,  10,  3.64383,  0.0292959,  16631905,  0,
64,  20,  640,  10,  3.44379,  0.0183565,  17500499,  0,
64,  20,  640,  10,  3.42912,  0.0179187,  17455555,  0,
64,  21,  672,  10,  3.6001,  0.0168158,  18305936,  0,
64,  21,  672,  10,  3.60952,  0.0166452,  18304840,  0,
64,  22,  704,  10,  3.40099,  0.0101503,  19148251,  0,
64,  22,  704,  10,  3.40671,  0.00873677,  19149525,  0,
64,  23,  736,  10,  3.56824,  0.00981102,  19996346,  0,
64,  23,  736,  10,  3.55988,  0.00952656,  20020189,  0,
64,  24,  768,  10,  3.36984,  0.00373365,  20823508,  0,
64,  24,  768,  10,  3.36891,  0.00430038,  21005707,  0,
64,  25,  800,  10,  3.51889,  0.00521086,  21893918,  0,
64,  25,  800,  10,  3.52075,  0.00496183,  21787987,  0,
64,  26,  832,  10,  3.33209,  0.00176095,  22639880,  0,
64,  26,  832,  10,  3.32919,  0.00201118,  22630838,  0,
64,  27,  864,  10,  3.45759,  0.00201633,  23476144,  0,
64,  27,  864,  10,  3.47318,  0.00217365,  23473645,  0,
64,  28,  896,  10,  3.28995,  0.000907821,  24303177,  0,
64,  28,  896,  10,  3.28996,  0.000747517,  24300283,  0,
64,  29,  928,  10,  3.4122,  0.000824045,  25179000,  0,
64,  29,  928,  10,  3.4086,  0.000750064,  25185737,  0,
64,  30,  960,  10,  3.24858,  0.000288019,  26026616,  0,
64,  30,  960,  10,  3.23032,  0.000283175,  26151190,  0,
64,  31,  992,  10,  3.35289,  0.000269715,  26918322,  0,
64,  31,  992,  10,  3.35707,  0.000249494,  26859943,  0,
64,  32,  1024,  10,  3.18238,  9.3543e-05,  27715776,  0,
64,  32,  1024,  10,  3.19522,  8.29678e-05,  27696517,  0,
64,  33,  1056,  10,  3.30287,  0.000102818,  28555734,  0,
64,  33,  1056,  10,  3.29741,  9.41548e-05,  28554938,  0,
64,  34,  1088,  10,  3.13455,  2.90731e-05,  29534476,  0,
64,  34,  1088,  10,  3.12482,  2.64985e-05,  29441216,  0,
64,  35,  1120,  10,  3.23384,  2.53314e-05,  30347160,  0,
64,  35,  1120,  10,  3.22021,  3.0294e-05,  30347233,  0,
64,  36,  1152,  10,  3.07831,  8.79085e-06,  31218515,  0,
64,  36,  1152,  10,  3.06713,  9.41507e-06,  31217690,  0,
64,  37,  1184,  10,  3.15723,  8.10283e-06,  32103542,  0,
64,  37,  1184,  10,  3.16343,  7.74156e-06,  32089919,  0,
64,  38,  1216,  10,  3.01805,  2.16154e-06,  32958650,  0,
64,  38,  1216,  10,  3.00698,  1.93235e-06,  32958839,  0,
64,  39,  1248,  10,  3.09545,  2.16771e-06,  33852339,  0,
64,  39,  1248,  10,  3.09734,  1.83522e-06,  33966910,  0,
64,  40,  1280,  10,  2.94935,  4.98584e-07,  34741381,  0,
64,  40,  1280,  10,  2.9439,  4.77984e-07,  34854492,  0,
64,  41,  1312,  10,  3.02602,  5.5248e-07,  35588706,  0,
64,  41,  1312,  10,  3.02866,  5.72323e-07,  35600554,  0,
64,  42,  1344,  10,  2.87319,  1.07756e-07,  36515243,  0,
64,  42,  1344,  10,  2.88553,  1.38308e-07,  36506410,  0,
64,  43,  1376,  10,  2.96571,  1.26756e-07,  37375625,  0,
64,  43,  1376,  10,  2.96673,  1.3822e-07,  37557229,  0,
64,  44,  1408,  10,  2.81587,  2.31588e-08,  38288159,  0,
64,  44,  1408,  10,  2.8016,  2.35306e-08,  38221812,  0,
64,  45,  1440,  10,  2.88857,  2.62046e-08,  39072635,  0,
64,  45,  1440,  10,  2.88793,  2.33218e-08,  39076007,  0,
64,  46,  1472,  10,  2.74467,  4.27954e-09,  39969126,  0,
64,  46,  1472,  10,  2.75329,  3.90338e-09,  39969892,  0,
64,  47,  1504,  10,  2.81745,  4.25016e-09,  40874311,  0,
64,  47,  1504,  10,  2.8163,  5.11986e-09,  40881112,  0,
64,  48,  1536,  10,  2.67531,  7.43798e-10,  42112905,  0,
64,  48,  1536,  10,  2.67978,  7.30515e-10,  42107304,  0,
64,  49,  1568,  10,  2.74667,  8.90844e-10,  42868905,  0,
64,  49,  1568,  10,  2.74645,  8.81129e-10,  42629436,  0,
64,  50,  1600,  10,  2.601,  1.5195e-10,  43569695,  0,
64,  50,  1600,  10,  2.5984,  1.60606e-10,  43533213,  0,
128,  2,  128,  10,  3.17438,  0.807991,  4116481,  0,
128,  2,  128,  10,  3.17606,  0.815541,  4074847,  0,
128,  3,  192,  10,  4.70891,  0.58769,  5280259,  0,
128,  3,  192,  10,  4.71529,  0.595312,  5258959,  0,
128,  4,  256,  10,  3.9672,  0.404562,  6568014,  0,
128,  4,  256,  10,  3.97899,  0.412144,  6514331,  0,
128,  5,  320,  10,  4.95982,  0.347997,  7748022,  0,
128,  5,  320,  10,  4.94964,  0.344401,  7738888,  0,
128,  6,  384,  10,  4.30724,  0.238027,  8969135,  0,
128,  6,  384,  10,  4.31277,  0.238179,  8945488,  0,
128,  7,  448,  10,  5.02136,  0.217211,  10198610,  0,
128,  7,  448,  10,  5.02175,  0.222525,  10210507,  0,
128,  8,  512,  10,  4.44655,  0.149765,  11516458,  0,
128,  8,  512,  10,  4.43826,  0.147856,  11441328,  0,
128,  9,  576,  10,  4.99183,  0.144717,  12717550,  0,
128,  9,  576,  10,  4.99636,  0.146548,  12716156,  0,
128,  10,  640,  10,  4.47296,  0.0917026,  14025006,  0,
128,  10,  640,  10,  4.46819,  0.0958072,  13991259,  0,
128,  11,  704,  10,  4.93045,  0.0895796,  15265516,  0,
128,  11,  704,  10,  4.9331,  0.0923691,  15268543,  0,
128,  12,  768,  10,  4.43586,  0.0506028,  16567975,  0,
128,  12,  768,  10,  4.43301,  0.0519933,  16560977,  0,
128,  13,  832,  10,  4.82068,  0.0503674,  18141936,  0,
128,  13,  832,  10,  4.83057,  0.050122,  17856556,  0,
128,  14,  896,  10,  4.35284,  0.0238083,  19165456,  0,
128,  14,  896,  10,  4.34767,  0.0246959,  19377596,  0,
128,  15,  960,  10,  4.67894,  0.0208092,  20447178,  0,
128,  15,  960,  10,  4.67586,  0.0226265,  20962220,  0,
128,  16,  1024,  10,  4.24296,  0.00846621,  21762028,  0,
128,  16,  1024,  10,  4.24082,  0.00816698,  21798911,  0,
128,  17,  1088,  10,  4.52249,  0.00879861,  23113140,  0,
128,  17,  1088,  10,  4.52687,  0.00862201,  23118713,  0,
128,  18,  1152,  10,  4.10963,  0.00275693,  24442422,  0,
128,  18,  1152,  10,  4.10506,  0.00235107,  24498259,  0,
128,  19,  1216,  10,  4.34482,  0.00257306,  25754794,  0,
128,  19,  1216,  10,  4.34899,  0.00232778,  26011757,  0,
128,  20,  1280,  10,  3.93411,  0.000633593,  27171714,  0,
128,  20,  1280,  10,  3.94687,  0.000698466,  27233951,  0,
128,  21,  1344,  10,  4.17293,  0.000638777,  28506649,  0,
128,  21,  1344,  10,  4.17505,  0.000670805,  28514627,  0,
128,  22,  1408,  10,  3.78399,  0.000134445,  29892315,  0,
128,  22,  1408,  10,  3.77941,  0.000137891,  29873784,  0,
128,  23,  1472,  10,  3.98132,  0.00013164,  31225309,  0,
128,  23,  1472,  10,  3.97306,  0.00014839,  31245265,  0,
128,  24,  1536,  10,  3.60437,  2.68502e-05,  32565064,  0,
128,  24,  1536,  10,  3.60608,  2.2802e-05,  32622354,  0,
128,  25,  1600,  10,  3.79194,  2.56807e-05,  33939700,  0,
128,  25,  1600,  10,  3.78815,  2.76656e-05,  33906772,  0,
128,  26,  1664,  10,  3.42134,  3.869e-06,  35405244,  0,
128,  26,  1664,  10,  3.42024,  4.2187e-06,  35302465,  0,
128,  27,  1728,  10,  3.59386,  4.04564e-06,  36643573,  0,
128,  27,  1728,  10,  3.59058,  3.87153e-06,  36622635,  0,
128,  28,  1792,  10,  3.24758,  5.77287e-07,  38156753,  0,
128,  28,  1792,  10,  3.23774,  5.90052e-07,  38183436,  0,
128,  29,  1856,  10,  3.39608,  5.63354e-07,  39483230,  0,
128,  29,  1856,  10,  3.39586,  4.95026e-07,  39426067,  0,
128,  30,  1920,  10,  3.06547,  6.24741e-08,  40878768,  0,
128,  30,  1920,  10,  3.06684,  6.11538e-08,  40864662,  0,
128,  31,  1984,  10,  3.20619,  6.47957e-08,  42240734,  0,
128,  31,  1984,  10,  3.20054,  6.23692e-08,  42263915,  0,
128,  32,  2048,  10,  2.90116,  7.09502e-09,  43815375,  0,
128,  32,  2048,  10,  2.89134,  5.83277e-09,  43808398,  0,
128,  33,  2112,  10,  3.01547,  6.2601e-09,  45137313,  0,
128,  33,  2112,  10,  3.02052,  6.27004e-09,  45340923,  0,
128,  34,  2176,  10,  2.72292,  4.99386e-10,  46581151,  0,
128,  34,  2176,  10,  2.72982,  5.43242e-10,  46552560,  0,
128,  35,  2240,  10,  2.83414,  5.56942e-10,  47938665,  0,
128,  35,  2240,  10,  2.84251,  5.16993e-10,  47900191,  0,
128,  36,  2304,  10,  2.56386,  3.9104e-11,  49545715,  0,
128,  36,  2304,  10,  2.5633,  3.70477e-11,  49548212,  0,
128,  37,  2368,  10,  2.66567,  3.47614e-11,  50913517,  0,
128,  37,  2368,  10,  2.66571,  3.86447e-11,  50931911,  0,
128,  38,  2432,  10,  2.3984,  2.53087e-12,  52388105,  0,
128,  38,  2432,  10,  2.39314,  2.49252e-12,  52382234,  0,
128,  39,  2496,  10,  2.50254,  2.37548e-12,  53817300,  0,
128,  39,  2496,  10,  2.49824,  2.31255e-12,  53794671,  0,
128,  40,  2560,  10,  2.25299,  1.21067e-13,  55373125,  0,
128,  40,  2560,  10,  2.25235,  1.2907e-13,  55376619,  0,
128,  41,  2624,  10,  2.33708,  1.18111e-13,  56767951,  0,
128,  41,  2624,  10,  2.34012,  1.27581e-13,  56778942,  0,
128,  42,  2688,  10,  2.10113,  1.09081e-14,  58338021,  0,
128,  42,  2688,  10,  2.1041,  1.08055e-14,  58283140,  0,
128,  43,  2752,  10,  2.19061,  1.13219e-14,  59781125,  0,
128,  43,  2752,  10,  2.19409,  1.10014e-14,  59767512,  0,
128,  44,  2816,  10,  1.9652,  8.89628e-15,  61383410,  0,
128,  44,  2816,  10,  1.97548,  8.78997e-15,  61304246,  0,
128,  45,  2880,  10,  2.05042,  9.47032e-15,  62754287,  0,
128,  45,  2880,  10,  2.04921,  9.58327e-15,  62817774,  0,
128,  46,  2944,  10,  1.83501,  9.15359e-15,  64276738,  0,
128,  46,  2944,  10,  1.84033,  8.71723e-15,  64236128,  0,
128,  47,  3008,  10,  1.91087,  9.62415e-15,  65809552,  0,
128,  47,  3008,  10,  1.9054,  8.84804e-15,  65830188,  0,
128,  48,  3072,  10,  1.71649,  8.86559e-15,  67467259,  0,
128,  48,  3072,  10,  1.71337,  1.00347e-14,  67486022,  0,
128,  49,  3136,  10,  1.78269,  9.11802e-15,  68827924,  0,
128,  49,  3136,  10,  1.78391,  9.39755e-15,  68845626,  0,
128,  50,  3200,  10,  1.60142,  9.50621e-15,  70350650,  0,
128,  50,  3200,  10,  1.60309,  1.0082e-14,  70378128,  0,

