8,  64,  256,  50,  0.00826846,  5.02077e-15,  154608877,  1860675838,
8,  64,  256,  50,  0.0084152,  5.72479e-15,  129968482,  1860675838,
8,  64,  256,  50,  0.00836644,  7.28469e-15,  125809682,  1860675838,
8,  128,  512,  50,  0.00423975,  6.70025e-15,  255738910,  1860675838,
8,  128,  512,  50,  0.00426956,  1.11885e-14,  253008268,  1860675838,
8,  128,  512,  50,  0.00424428,  6.14493e-15,  250458606,  1860675838,
8,  256,  1024,  50,  0.00215598,  5.25064e-15,  502235601,  1860675838,
8,  256,  1024,  50,  0.00213418,  6.32087e-15,  478689046,  1860675838,
8,  256,  1024,  50,  0.00215537,  7.67432e-15,  480229999,  1860675838,
8,  512,  2048,  50,  0.00107366,  6.66679e-15,  931276477,  1860675838,
8,  512,  2048,  50,  0.00107008,  5.15823e-15,  921167266,  1860675838,
8,  512,  2048,  50,  0.00107817,  1.22084e-14,  908125033,  1860675838,
16,  32,  256,  50,  0.0115151,  1.10789e-14,  58914214,  1860675838,
16,  32,  256,  50,  0.011195,  1.21532e-14,  57866304,  1860675838,
16,  32,  256,  50,  0.0113293,  1.07306e-14,  57176835,  1860675838,
16,  64,  512,  50,  0.00589763,  5.23621e-15,  104632261,  1860675838,
16,  64,  512,  50,  0.00586762,  8.7557e-15,  100645133,  1860675838,
16,  64,  512,  50,  0.00591972,  1.14261e-14,  99740765,  1860675838,
16,  128,  1024,  50,  0.00300066,  1.14619e-14,  201370265,  1860675838,
16,  128,  1024,  50,  0.00299285,  6.12749e-15,  196895816,  1860675838,
16,  128,  1024,  50,  0.00298817,  9.07163e-15,  186996331,  1860675838,
16,  256,  2048,  50,  0.00150614,  8.48346e-15,  356071139,  1860675838,
16,  256,  2048,  50,  0.001514,  1.20166e-14,  358448205,  1860675838,
16,  256,  2048,  50,  0.00150947,  5.18147e-15,  346337333,  1860675838,
32,  16,  256,  50,  0.0150086,  4.86956e-09,  23915022,  1860675838,
32,  16,  256,  50,  0.0147798,  3.99824e-09,  23793692,  1860675838,
32,  16,  256,  50,  0.015021,  3.25975e-09,  24140615,  1860675838,
32,  32,  512,  50,  0.00807733,  6.29068e-15,  47780835,  1860675838,
32,  32,  512,  50,  0.00809863,  8.20404e-15,  46688582,  1860675838,
32,  32,  512,  50,  0.00802414,  1.33235e-14,  47333706,  1860675838,
32,  64,  1024,  50,  0.00416535,  6.8387e-15,  92974557,  1860675838,
32,  64,  1024,  50,  0.00415609,  4.76751e-15,  92628115,  1860675838,
32,  64,  1024,  50,  0.00419612,  4.54975e-15,  91928229,  1860675838,
32,  128,  2048,  50,  0.0021141,  8.18826e-15,  188494234,  1860675838,
32,  128,  2048,  50,  0.00211567,  1.02814e-14,  182175836,  1860675838,
32,  128,  2048,  50,  0.00212119,  1.23924e-14,  178805931,  1860675838,
64,  8,  256,  50,  0.0187693,  5.07064e-06,  13808641,  1860675838,
64,  8,  256,  50,  0.0186477,  7.45013e-06,  13774191,  1860675838,
64,  8,  256,  50,  0.0186182,  6.54703e-06,  14180829,  1860675838,
64,  16,  512,  50,  0.0106548,  7.04945e-14,  25902484,  1860675838,
64,  16,  512,  50,  0.0106981,  5.74955e-14,  25281547,  1860675838,
64,  16,  512,  50,  0.0106624,  6.34545e-14,  26184529,  1860675838,
64,  32,  1024,  50,  0.00569732,  1.03427e-14,  49996509,  1860675838,
64,  32,  1024,  50,  0.00567602,  5.02143e-15,  52802777,  1860675838,
64,  32,  1024,  50,  0.00570594,  4.87993e-15,  49219542,  1860675838,
64,  64,  2048,  50,  0.00294497,  7.70653e-15,  99713150,  1860675838,
64,  64,  2048,  50,  0.00295379,  1.16162e-14,  99048052,  1860675838,
64,  64,  2048,  50,  0.00295276,  4.67889e-15,  97963415,  1860675838,
128,  4,  256,  50,  0.0218963,  0.000336552,  9734020,  1860675838,
128,  4,  256,  50,  0.021893,  0.000349052,  9690129,  1860675838,
128,  4,  256,  50,  0.0219665,  0.000350461,  10044588,  1860675838,
128,  8,  512,  50,  0.0133497,  2.23716e-08,  16355405,  1860675838,
128,  8,  512,  50,  0.0133282,  2.36011e-08,  16308264,  1860675838,
128,  8,  512,  50,  0.0133828,  2.57784e-08,  15914983,  1860675838,
128,  16,  1024,  50,  0.00752893,  8.87659e-15,  30813141,  1860675838,
128,  16,  1024,  50,  0.00753143,  7.25117e-15,  30204139,  1860675838,
128,  16,  1024,  50,  0.00754966,  1.27795e-14,  29236483,  1860675838,
128,  32,  2048,  50,  0.00402477,  6.47342e-15,  56030872,  1860675838,
128,  32,  2048,  50,  0.00402926,  1.26788e-14,  56050902,  1860675838,
128,  32,  2048,  50,  0.00403827,  1.0645e-14,  57964480,  1860675838