1,  2,  1,  10,  0.290659,  0.290659,  3815216,  0,
1,  2,  1,  10,  0.294496,  0.294496,  3545737,  0,
1,  3,  1,  10,  0.410469,  0.410469,  3711808,  0,
1,  3,  1,  10,  0.407608,  0.407608,  4012584,  0,
1,  4,  2,  10,  0.362987,  0.362987,  4898442,  0,
1,  4,  2,  10,  0.372058,  0.372058,  4387842,  0,
1,  5,  2,  10,  0.444809,  0.444809,  5636569,  0,
1,  5,  2,  10,  0.45508,  0.45508,  5346636,  0,
1,  6,  3,  10,  0.40401,  0.40401,  6476165,  0,
1,  6,  3,  10,  0.39101,  0.39101,  6433712,  0,
1,  7,  3,  10,  0.466146,  0.466146,  5437936,  0,
1,  7,  3,  10,  0.45637,  0.45637,  5245213,  0,
1,  8,  4,  10,  0.420752,  0.420752,  5909922,  0,
1,  8,  4,  10,  0.416024,  0.416024,  6143455,  0,
1,  9,  4,  10,  0.471971,  0.471971,  6324624,  0,
1,  9,  4,  10,  0.469283,  0.469283,  6316113,  0,
1,  10,  5,  10,  0.43587,  0.43587,  7014708,  0,
1,  10,  5,  10,  0.427547,  0.427547,  6754262,  0,
1,  11,  5,  10,  0.478225,  0.478225,  7113413,  0,
1,  11,  5,  10,  0.482094,  0.482094,  7132667,  0,
1,  12,  6,  10,  0.442738,  0.442738,  8037490,  0,
1,  12,  6,  10,  0.441431,  0.441431,  7931837,  0,
1,  13,  6,  10,  0.474171,  0.474171,  8227872,  0,
1,  13,  6,  10,  0.47072,  0.47072,  8742278,  0,
1,  14,  7,  10,  0.452828,  0.452828,  9069726,  0,
1,  14,  7,  10,  0.456586,  0.456586,  8612585,  0,
1,  15,  7,  10,  0.487988,  0.487988,  8757706,  0,
1,  15,  7,  10,  0.485688,  0.485688,  8734843,  0,
1,  16,  8,  10,  0.450458,  0.450458,  9355814,  0,
1,  16,  8,  10,  0.458214,  0.458214,  9691492,  0,
1,  17,  8,  10,  0.482189,  0.482189,  9776933,  0,
1,  17,  8,  10,  0.481054,  0.481054,  9825603,  0,
1,  18,  9,  10,  0.465126,  0.465126,  11000754,  0,
1,  18,  9,  10,  0.464214,  0.464214,  10815003,  0,
1,  19,  9,  10,  0.4963,  0.4963,  11246606,  0,
1,  19,  9,  10,  0.499276,  0.499276,  11246053,  0,
1,  20,  10,  10,  0.472015,  0.472015,  11903982,  0,
1,  20,  10,  10,  0.46515,  0.46515,  11889809,  0,
1,  21,  10,  10,  0.478145,  0.478145,  12653393,  0,
1,  21,  10,  10,  0.482014,  0.482014,  12347770,  0,
1,  22,  11,  10,  0.475467,  0.427625,  12997346,  0,
1,  22,  11,  10,  0.462859,  0.420468,  12970597,  0,
1,  23,  11,  10,  0.484124,  0.434078,  13433043,  0,
1,  23,  11,  10,  0.499672,  0.45509,  13692959,  0,
1,  24,  12,  10,  0.474669,  0.388868,  14277379,  0,
1,  24,  12,  10,  0.464623,  0.378682,  14079480,  0,
1,  25,  12,  10,  0.491835,  0.407378,  14245933,  0,
1,  25,  12,  10,  0.490857,  0.407297,  14237589,  0,
1,  26,  13,  10,  0.469841,  0.346517,  14916820,  0,
1,  26,  13,  10,  0.469646,  0.349498,  14902018,  0,
1,  27,  13,  10,  0.491056,  0.367219,  15335782,  0,
1,  27,  13,  10,  0.48909,  0.363828,  15320817,  0,
1,  28,  14,  10,  0.476991,  0.325261,  16195994,  0,
1,  28,  14,  10,  0.467968,  0.317123,  16004607,  0,
1,  29,  14,  10,  0.492979,  0.333214,  16407753,  0,
1,  29,  14,  10,  0.487502,  0.329409,  16409658,  0,
1,  30,  15,  10,  0.482367,  0.295078,  17055289,  0,
1,  30,  15,  10,  0.462767,  0.293949,  17081271,  0,
1,  31,  15,  10,  0.498986,  0.313453,  17426655,  0,
1,  31,  15,  10,  0.490133,  0.309949,  17584940,  0,
1,  32,  16,  10,  0.485538,  0.278677,  18724541,  0,
1,  32,  16,  10,  0.484382,  0.271653,  18624685,  0,
1,  33,  16,  10,  0.49812,  0.288958,  19063254,  0,
1,  33,  16,  10,  0.504001,  0.286924,  19051437,  0,
1,  34,  17,  10,  0.475441,  0.247567,  19738054,  0,
1,  34,  17,  10,  0.472018,  0.251673,  19728460,  0,
1,  35,  17,  10,  0.494471,  0.266183,  20169403,  0,
1,  35,  17,  10,  0.50054,  0.26995,  20177426,  0,
1,  36,  18,  10,  0.490432,  0.241227,  20977166,  0,
1,  36,  18,  10,  0.485841,  0.241444,  20853342,  0,
1,  37,  18,  10,  0.493715,  0.240775,  21423155,  0,
1,  37,  18,  10,  0.497475,  0.241976,  21265654,  0,
1,  38,  19,  10,  0.477806,  0.220568,  21954606,  0,
1,  38,  19,  10,  0.483994,  0.217668,  21942272,  0,
1,  39,  19,  10,  0.486942,  0.235383,  22379273,  0,
1,  39,  19,  10,  0.494917,  0.231532,  22305387,  0,
1,  40,  20,  10,  0.480645,  0.200281,  22828069,  0,
1,  40,  20,  10,  0.480095,  0.206706,  22876224,  0,
1,  41,  20,  10,  0.48986,  0.210989,  23303414,  0,
1,  41,  20,  10,  0.492861,  0.202523,  23239368,  0,
1,  42,  21,  10,  0.469804,  0.191402,  23915922,  0,
1,  42,  21,  10,  0.478787,  0.193082,  23903834,  0,
1,  43,  21,  10,  0.496939,  0.198973,  24330978,  0,
1,  43,  21,  10,  0.491988,  0.196095,  24349926,  0,
1,  44,  22,  10,  0.475225,  0.183378,  25007751,  0,
1,  44,  22,  10,  0.48788,  0.184638,  25011699,  0,
1,  45,  22,  10,  0.495981,  0.175859,  25435391,  0,
1,  45,  22,  10,  0.496084,  0.189081,  25450908,  0,
1,  46,  23,  10,  0.484219,  0.165527,  26096708,  0,
1,  46,  23,  10,  0.490169,  0.179479,  26094614,  0,
1,  47,  23,  10,  0.491254,  0.181567,  26654408,  0,
1,  47,  23,  10,  0.490706,  0.177689,  26535771,  0,
1,  48,  24,  10,  0.477984,  0.159071,  27187941,  0,
1,  48,  24,  10,  0.491727,  0.158517,  27191007,  0,
1,  49,  24,  10,  0.502339,  0.159073,  27632314,  0,
1,  49,  24,  10,  0.489084,  0.171563,  27629377,  0,
1,  50,  25,  10,  0.487713,  0.153171,  28343309,  0,
1,  50,  25,  10,  0.491605,  0.150038,  28232987,  0,
2,  2,  2,  10,  0.413592,  0.413592,  1508389,  0,
2,  2,  2,  10,  0.41652,  0.41652,  1525253,  0,
2,  3,  3,  10,  0.602966,  0.602966,  1953120,  0,
2,  3,  3,  10,  0.59803,  0.59803,  1945761,  0,
2,  4,  4,  10,  0.512002,  0.512002,  2299312,  0,
2,  4,  4,  10,  0.516468,  0.516468,  2306307,  0,
2,  5,  5,  10,  0.63507,  0.63507,  2708977,  0,
2,  5,  5,  10,  0.641129,  0.641129,  2722008,  0,
2,  6,  6,  10,  0.570134,  0.570134,  3129394,  0,
2,  6,  6,  10,  0.566001,  0.566001,  3108791,  0,
2,  7,  7,  10,  0.667996,  0.667996,  3555069,  0,
2,  7,  7,  10,  0.656056,  0.656056,  3565057,  0,
2,  8,  8,  10,  0.596916,  0.596916,  3956442,  0,
2,  8,  8,  10,  0.592627,  0.592627,  3969648,  0,
2,  9,  9,  10,  0.67012,  0.67012,  4446733,  0,
2,  9,  9,  10,  0.664602,  0.664602,  4435496,  0,
2,  10,  10,  10,  0.613763,  0.613763,  4850924,  0,
2,  10,  10,  10,  0.616209,  0.616209,  4863971,  0,
2,  11,  11,  10,  0.682177,  0.625722,  5363425,  0,
2,  11,  11,  10,  0.679615,  0.621105,  5367318,  0,
2,  12,  12,  10,  0.619546,  0.505183,  6090922,  0,
2,  12,  12,  10,  0.627428,  0.512416,  5783116,  0,
2,  13,  13,  10,  0.681535,  0.521953,  6424612,  0,
2,  13,  13,  10,  0.679554,  0.516048,  6257451,  0,
2,  14,  14,  10,  0.640313,  0.434663,  6674266,  0,
2,  14,  14,  10,  0.629799,  0.425926,  6686488,  0,
2,  15,  15,  10,  0.682107,  0.431708,  7187782,  0,
2,  15,  15,  10,  0.688357,  0.438436,  7168251,  0,
2,  16,  16,  10,  0.646993,  0.369589,  7608794,  0,
2,  16,  16,  10,  0.652672,  0.375049,  7591863,  0,
2,  17,  17,  10,  0.68185,  0.372659,  8105847,  0,
2,  17,  17,  10,  0.689819,  0.36881,  8130419,  0,
2,  18,  18,  10,  0.654026,  0.319763,  8524570,  0,
2,  18,  18,  10,  0.649205,  0.320832,  8523216,  0,
2,  19,  19,  10,  0.687784,  0.321371,  9263483,  0,
2,  19,  19,  10,  0.688633,  0.321856,  9153940,  0,
2,  20,  20,  10,  0.662546,  0.277655,  9522252,  0,
2,  20,  20,  10,  0.651519,  0.281855,  9500785,  0,
2,  21,  21,  10,  0.69334,  0.281071,  10016155,  0,
2,  21,  21,  10,  0.695368,  0.279536,  10043915,  0,
2,  22,  22,  10,  0.658008,  0.241177,  10443037,  0,
2,  22,  22,  10,  0.659964,  0.255023,  10432026,  0,
2,  23,  23,  10,  0.689597,  0.243159,  10954103,  0,
2,  23,  23,  10,  0.687166,  0.256838,  10981917,  0,
2,  24,  24,  10,  0.664418,  0.228255,  11382438,  0,
2,  24,  24,  10,  0.664834,  0.220689,  11403016,  0,
2,  25,  25,  10,  0.685306,  0.210852,  11914409,  0,
2,  25,  25,  10,  0.6836,  0.217118,  11853279,  0,
2,  26,  26,  10,  0.664401,  0.194087,  12308694,  0,
2,  26,  26,  10,  0.669344,  0.205467,  12356340,  0,
2,  27,  27,  10,  0.693948,  0.197229,  12876626,  0,
2,  27,  27,  10,  0.696276,  0.195003,  12891061,  0,
2,  28,  28,  10,  0.675387,  0.194131,  13329998,  0,
2,  28,  28,  10,  0.659772,  0.173293,  13296867,  0,
2,  29,  29,  10,  0.697954,  0.177368,  13859537,  0,
2,  29,  29,  10,  0.699499,  0.173336,  13926347,  0,
2,  30,  30,  10,  0.667799,  0.182207,  14272446,  0,
2,  30,  30,  10,  0.67279,  0.160874,  14253717,  0,
2,  31,  31,  10,  0.696378,  0.167341,  14774183,  0,
2,  31,  31,  10,  0.691528,  0.158947,  14802244,  0,
2,  32,  32,  10,  0.677436,  0.151516,  15158078,  0,
2,  32,  32,  10,  0.662772,  0.152177,  15188772,  0,
2,  33,  33,  10,  0.691427,  0.155536,  15728294,  0,
2,  33,  33,  10,  0.700264,  0.154442,  15682245,  0,
2,  34,  34,  10,  0.683888,  0.138155,  16130384,  0,
2,  34,  34,  10,  0.68984,  0.13501,  16144461,  0,
2,  35,  35,  10,  0.689405,  0.143888,  16623670,  0,
2,  35,  35,  10,  0.69788,  0.144117,  16646810,  0,
2,  36,  36,  10,  0.667988,  0.126862,  17343024,  0,
2,  36,  36,  10,  0.672445,  0.130129,  17373681,  0,
2,  37,  37,  10,  0.690787,  0.134178,  17820824,  0,
2,  37,  37,  10,  0.7125,  0.131489,  17747135,  0,
2,  38,  38,  10,  0.679445,  0.117625,  18226585,  0,
2,  38,  38,  10,  0.682281,  0.119377,  18242355,  0,
2,  39,  39,  10,  0.695906,  0.115387,  18755713,  0,
2,  39,  39,  10,  0.698163,  0.118902,  18778422,  0,
2,  40,  40,  10,  0.683818,  0.108905,  19194247,  0,
2,  40,  40,  10,  0.680537,  0.115987,  19127919,  0,
2,  41,  41,  10,  0.699875,  0.114602,  19706306,  0,
2,  41,  41,  10,  0.694593,  0.106868,  19716752,  0,
2,  42,  42,  10,  0.679639,  0.0988798,  20135647,  0,
2,  42,  42,  10,  0.675543,  0.105453,  20283259,  0,
2,  43,  43,  10,  0.697237,  0.104142,  20680915,  0,
2,  43,  43,  10,  0.691726,  0.101081,  20948392,  0,
2,  44,  44,  10,  0.679094,  0.0976654,  21120965,  0,
2,  44,  44,  10,  0.684704,  0.0966305,  21055843,  0,
2,  45,  45,  10,  0.695857,  0.100533,  21677510,  0,
2,  45,  45,  10,  0.705057,  0.0939029,  21659492,  0,
2,  46,  46,  10,  0.692375,  0.0911564,  22059182,  0,
2,  46,  46,  10,  0.683808,  0.0902239,  22044391,  0,
2,  47,  47,  10,  0.68913,  0.0848728,  22573846,  0,
2,  47,  47,  10,  0.698824,  0.0936185,  22568430,  0,
2,  48,  48,  10,  0.679926,  0.0811444,  22999524,  0,
2,  48,  48,  10,  0.6936,  0.0899797,  22979646,  0,
2,  49,  49,  10,  0.70141,  0.0834226,  23544331,  0,
2,  49,  49,  10,  0.703122,  0.0874735,  23515118,  0,
2,  50,  50,  10,  0.687227,  0.0820874,  23863957,  0,
2,  50,  50,  10,  0.686553,  0.0822896,  23910262,  0,
8,  2,  8,  10,  0.818311,  0.818311,  3741385,  0,
8,  2,  8,  10,  0.816727,  0.816727,  2875565,  0,
8,  3,  12,  10,  1.20968,  1.07103,  2771079,  0,
8,  3,  12,  10,  1.20391,  1.07001,  2686832,  0,
8,  4,  16,  10,  1.03215,  0.645156,  3522019,  0,
8,  4,  16,  10,  1.04004,  0.65416,  3535558,  0,
8,  5,  20,  10,  1.28486,  0.613279,  3885945,  0,
8,  5,  20,  10,  1.28682,  0.608355,  4042162,  0,
8,  6,  24,  10,  1.13636,  0.44482,  4619020,  0,
8,  6,  24,  10,  1.1222,  0.428651,  4359191,  0,
8,  7,  28,  10,  1.32267,  0.397363,  5019574,  0,
8,  7,  28,  10,  1.32486,  0.412764,  5011041,  0,
8,  8,  32,  10,  1.19261,  0.314491,  5536134,  0,
8,  8,  32,  10,  1.19818,  0.319849,  5540312,  0,
8,  9,  36,  10,  1.3364,  0.299549,  6481500,  0,
8,  9,  36,  10,  1.33685,  0.304812,  6209512,  0,
8,  10,  40,  10,  1.2216,  0.239076,  7051044,  0,
8,  10,  40,  10,  1.23074,  0.240086,  6514021,  0,
8,  11,  44,  10,  1.3539,  0.226999,  7139371,  0,
8,  11,  44,  10,  1.35046,  0.229428,  7082322,  0,
8,  12,  48,  10,  1.24797,  0.188909,  7591353,  0,
8,  12,  48,  10,  1.2525,  0.196665,  7598505,  0,
8,  13,  52,  10,  1.36081,  0.179129,  8351286,  0,
8,  13,  52,  10,  1.35778,  0.183674,  8549689,  0,
8,  14,  56,  10,  1.27703,  0.158254,  8742274,  0,
8,  14,  56,  10,  1.26523,  0.161235,  8743426,  0,
8,  15,  60,  10,  1.36842,  0.152029,  9558570,  0,
8,  15,  60,  10,  1.36835,  0.144244,  9455552,  0,
8,  16,  64,  10,  1.28878,  0.132878,  9876948,  0,
8,  16,  64,  10,  1.28148,  0.132213,  9889635,  0,
8,  17,  68,  10,  1.36979,  0.132067,  10522229,  0,
8,  17,  68,  10,  1.37602,  0.132224,  10514447,  0,
8,  18,  72,  10,  1.30343,  0.10445,  10983053,  0,
8,  18,  72,  10,  1.30713,  0.116391,  10980172,  0,
8,  19,  76,  10,  1.37348,  0.110293,  11972327,  0,
8,  19,  76,  10,  1.37342,  0.112644,  11638724,  0,
8,  20,  80,  10,  1.30879,  0.0973042,  12155557,  0,
8,  20,  80,  10,  1.31315,  0.0991567,  12183478,  0,
8,  21,  84,  10,  1.38356,  0.0971794,  12696945,  0,
8,  21,  84,  10,  1.37068,  0.0979396,  12560507,  0,
8,  22,  88,  10,  1.32085,  0.0865567,  13060928,  0,
8,  22,  88,  10,  1.31941,  0.082371,  13061148,  0,
8,  23,  92,  10,  1.37685,  0.0838245,  13692791,  0,
8,  23,  92,  10,  1.38152,  0.0819769,  13682099,  0,
8,  24,  96,  10,  1.32807,  0.0755244,  14162016,  0,
8,  24,  96,  10,  1.33015,  0.0767194,  14176209,  0,
8,  25,  100,  10,  1.38243,  0.0792715,  14788458,  0,
8,  25,  100,  10,  1.38316,  0.0701141,  14815182,  0,
8,  26,  104,  10,  1.33318,  0.0699837,  15324050,  0,
8,  26,  104,  10,  1.33587,  0.0655436,  15536954,  0,
8,  27,  108,  10,  1.37671,  0.0718827,  15947326,  0,
8,  27,  108,  10,  1.38678,  0.0669953,  16132866,  0,
8,  28,  112,  10,  1.33504,  0.0636737,  16464061,  0,
8,  28,  112,  10,  1.33909,  0.0615363,  16433813,  0,
8,  29,  116,  10,  1.37483,  0.0606096,  17056254,  0,
8,  29,  116,  10,  1.3946,  0.0582707,  17051174,  0,
8,  30,  120,  10,  1.33771,  0.0532009,  17298670,  0,
8,  30,  120,  10,  1.33042,  0.0568026,  17274797,  0,
8,  31,  124,  10,  1.38532,  0.0517622,  17882067,  0,
8,  31,  124,  10,  1.39121,  0.0582654,  17864129,  0,
8,  32,  128,  10,  1.34445,  0.0511114,  18359836,  0,
8,  32,  128,  10,  1.34199,  0.0465128,  18359959,  0,
8,  33,  132,  10,  1.38223,  0.0471479,  18969399,  0,
8,  33,  132,  10,  1.37523,  0.0486282,  19030706,  0,
8,  34,  136,  10,  1.34087,  0.0453441,  19443385,  0,
8,  34,  136,  10,  1.34647,  0.0456082,  19531587,  0,
8,  35,  140,  10,  1.38444,  0.0451153,  20063743,  0,
8,  35,  140,  10,  1.38694,  0.0414711,  20084746,  0,
8,  36,  144,  10,  1.35287,  0.0450467,  20667163,  0,
8,  36,  144,  10,  1.342,  0.039945,  20725492,  0,
8,  37,  148,  10,  1.39461,  0.038929,  21353274,  0,
8,  37,  148,  10,  1.38661,  0.0403276,  21403780,  0,
8,  38,  152,  10,  1.34989,  0.0358966,  21889774,  0,
8,  38,  152,  10,  1.35618,  0.0337014,  21902136,  0,
8,  39,  156,  10,  1.39011,  0.0360072,  22573433,  0,
8,  39,  156,  10,  1.3874,  0.0387352,  22625621,  0,
8,  40,  160,  10,  1.35771,  0.0363298,  22962489,  0,
8,  40,  160,  10,  1.35546,  0.0345158,  22987507,  0,
8,  41,  164,  10,  1.38815,  0.0354837,  23565951,  0,
8,  41,  164,  10,  1.38242,  0.0424952,  23567390,  0,
8,  42,  168,  10,  1.3571,  0.0288369,  24052569,  0,
8,  42,  168,  10,  1.36824,  0.0323449,  23917904,  0,
8,  43,  172,  10,  1.38918,  0.0281856,  24468802,  0,
8,  43,  172,  10,  1.38776,  0.0323591,  24490637,  0,
8,  44,  176,  10,  1.35825,  0.0273637,  24990965,  0,
8,  44,  176,  10,  1.35547,  0.0274838,  24974141,  0,
8,  45,  180,  10,  1.3852,  0.0286833,  25576887,  0,
8,  45,  180,  10,  1.38624,  0.0262941,  25596823,  0,
8,  46,  184,  10,  1.37259,  0.0252367,  26043605,  0,
8,  46,  184,  10,  1.36429,  0.0268197,  26060264,  0,
8,  47,  188,  10,  1.38704,  0.029336,  26675745,  0,
8,  47,  188,  10,  1.39459,  0.0275281,  26879859,  0,
8,  48,  192,  10,  1.3606,  0.0269524,  27329420,  0,
8,  48,  192,  10,  1.35855,  0.0228154,  27135164,  0,
8,  49,  196,  10,  1.38889,  0.0262648,  27753782,  0,
8,  49,  196,  10,  1.38432,  0.0236988,  27775772,  0,
8,  50,  200,  10,  1.35621,  0.0213052,  28300977,  0,
8,  50,  200,  10,  1.36768,  0.0246767,  28075122,  0,
16,  2,  16,  10,  1.15519,  0.903196,  3880437,  0,
16,  2,  16,  10,  1.15741,  0.903857,  2253720,  0,
16,  3,  24,  10,  1.71448,  0.820952,  3131503,  0,
16,  3,  24,  10,  1.70234,  0.813999,  3372120,  0,
16,  4,  32,  10,  1.45868,  0.500244,  3993407,  0,
16,  4,  32,  10,  1.45579,  0.485967,  3962994,  0,
16,  5,  40,  10,  1.80974,  0.45859,  4243725,  0,
16,  5,  40,  10,  1.81865,  0.461443,  4065680,  0,
16,  6,  48,  10,  1.60005,  0.318153,  4638077,  0,
16,  6,  48,  10,  1.59185,  0.315521,  4938444,  0,
16,  7,  56,  10,  1.85523,  0.30275,  5327163,  0,
16,  7,  56,  10,  1.8635,  0.293027,  5318723,  0,
16,  8,  64,  10,  1.68532,  0.231801,  5743417,  0,
16,  8,  64,  10,  1.67495,  0.225509,  5557467,  0,
16,  9,  72,  10,  1.88961,  0.214426,  6194997,  0,
16,  9,  72,  10,  1.8855,  0.224797,  6197281,  0,
16,  10,  80,  10,  1.73143,  0.172176,  7004568,  0,
16,  10,  80,  10,  1.73417,  0.167361,  6826222,  0,
16,  11,  88,  10,  1.89426,  0.163508,  7353950,  0,
16,  11,  88,  10,  1.90341,  0.168418,  7354120,  0,
16,  12,  96,  10,  1.77459,  0.135379,  8042501,  0,
16,  12,  96,  10,  1.76218,  0.134701,  7941681,  0,
16,  13,  104,  10,  1.91983,  0.132949,  8562985,  0,
16,  13,  104,  10,  1.91406,  0.135867,  8551310,  0,
16,  14,  112,  10,  1.79444,  0.110032,  9091604,  0,
16,  14,  112,  10,  1.79386,  0.104396,  9081519,  0,
16,  15,  120,  10,  1.91941,  0.108166,  9737785,  0,
16,  15,  120,  10,  1.92211,  0.111052,  9734041,  0,
16,  16,  128,  10,  1.80962,  0.0892229,  10471069,  0,
16,  16,  128,  10,  1.81781,  0.0951653,  10586421,  0,
16,  17,  136,  10,  1.9398,  0.09,  10920700,  0,
16,  17,  136,  10,  1.92446,  0.0873995,  10891644,  0,
16,  18,  144,  10,  1.83416,  0.0710085,  11392113,  0,
16,  18,  144,  10,  1.83202,  0.0788609,  10476889,  0,
16,  19,  152,  10,  1.93507,  0.0723349,  11081985,  0,
16,  19,  152,  10,  1.92748,  0.0738512,  11060817,  0,
16,  20,  160,  10,  1.8398,  0.0701208,  11563006,  0,
16,  20,  160,  10,  1.84813,  0.0653401,  11512707,  0,
16,  21,  168,  10,  1.93266,  0.0637924,  12102825,  0,
16,  21,  168,  10,  1.9409,  0.0650078,  12099791,  0,
16,  22,  176,  10,  1.86009,  0.0540152,  12627912,  0,
16,  22,  176,  10,  1.85814,  0.0509408,  12731082,  0,
16,  23,  184,  10,  1.94657,  0.0562433,  13328854,  0,
16,  23,  184,  10,  1.95335,  0.0511674,  13181655,  0,
16,  24,  192,  10,  1.86824,  0.0472004,  13660131,  0,
16,  24,  192,  10,  1.86389,  0.0475598,  13692251,  0,
16,  25,  200,  10,  1.959,  0.0503276,  14219154,  0,
16,  25,  200,  10,  1.94867,  0.0456482,  14219869,  0,
16,  26,  208,  10,  1.86756,  0.0426404,  14570859,  0,
16,  26,  208,  10,  1.87979,  0.043064,  14578071,  0,
16,  27,  216,  10,  1.94585,  0.0419862,  15143084,  0,
16,  27,  216,  10,  1.94401,  0.0438019,  15133326,  0,
16,  28,  224,  10,  1.86999,  0.0394638,  15615014,  0,
16,  28,  224,  10,  1.87683,  0.0400834,  15622895,  0,
16,  29,  232,  10,  1.94258,  0.0380924,  16205903,  0,
16,  29,  232,  10,  1.94694,  0.0338463,  16212995,  0,
16,  30,  240,  10,  1.87075,  0.0267421,  16981617,  0,
16,  30,  240,  10,  1.87942,  0.0326508,  16708962,  0,
16,  31,  248,  10,  1.93934,  0.0306186,  17284526,  0,
16,  31,  248,  10,  1.9475,  0.0323408,  17284158,  0,
16,  32,  256,  10,  1.88289,  0.0246057,  17791964,  0,
16,  32,  256,  10,  1.88268,  0.0252728,  17871971,  0,
16,  33,  264,  10,  1.94161,  0.0271307,  18351575,  0,
16,  33,  264,  10,  1.94834,  0.0250269,  18355576,  0,
16,  34,  272,  10,  1.89,  0.022218,  18832534,  0,
16,  34,  272,  10,  1.88518,  0.0235976,  18822205,  0,
16,  35,  280,  10,  1.9473,  0.0255281,  19423197,  0,
16,  35,  280,  10,  1.93589,  0.0200689,  19412683,  0,
16,  36,  288,  10,  1.88802,  0.0160864,  19925494,  0,
16,  36,  288,  10,  1.89413,  0.0224585,  19912770,  0,
16,  37,  296,  10,  1.93733,  0.0179837,  20675636,  0,
16,  37,  296,  10,  1.9429,  0.0230072,  20506930,  0,
16,  38,  304,  10,  1.89223,  0.0151642,  21001893,  0,
16,  38,  304,  10,  1.88948,  0.0194841,  21004361,  0,
16,  39,  312,  10,  1.93163,  0.0146646,  21583332,  0,
16,  39,  312,  10,  1.94532,  0.0155125,  21641636,  0,
16,  40,  320,  10,  1.87461,  0.0153511,  22174510,  0,
16,  40,  320,  10,  1.88675,  0.0134719,  21911687,  0,
16,  41,  328,  10,  1.94796,  0.01426,  22522867,  0,
16,  41,  328,  10,  1.94958,  0.0128796,  22538916,  0,
16,  42,  336,  10,  1.89198,  0.0165049,  23035012,  0,
16,  42,  336,  10,  1.89383,  0.011414,  23010630,  0,
16,  43,  344,  10,  1.93158,  0.0103732,  23584280,  0,
16,  43,  344,  10,  1.93605,  0.0145703,  23621839,  0,
16,  44,  352,  10,  1.89137,  0.0153424,  24100440,  0,
16,  44,  352,  10,  1.88808,  0.00883335,  24100695,  0,
16,  45,  360,  10,  1.93947,  0.0103286,  24677106,  0,
16,  45,  360,  10,  1.91842,  0.00821299,  24684865,  0,
16,  46,  368,  10,  1.88343,  0.00437917,  25169229,  0,
16,  46,  368,  10,  1.89218,  0.00659816,  25214038,  0,
16,  47,  376,  10,  1.92517,  0.0097844,  25760041,  0,
16,  47,  376,  10,  1.92856,  0.00547765,  25786006,  0,
16,  48,  384,  10,  1.89336,  0.00417924,  26249449,  0,
16,  48,  384,  10,  1.88096,  0.00588537,  26251291,  0,
16,  49,  392,  10,  1.92848,  0.00471901,  26862951,  0,
16,  49,  392,  10,  1.93749,  0.00381738,  26859969,  0,
16,  50,  400,  10,  1.89015,  0.00266625,  27428817,  0,
16,  50,  400,  10,  1.8842,  0.00292104,  27427893,  0,
32,  2,  32,  10,  1.61795,  0.878944,  2133724,  0,
32,  2,  32,  10,  1.61911,  0.882232,  2139953,  0,
32,  3,  48,  10,  2.40757,  0.643193,  2787618,  0,
32,  3,  48,  10,  2.41043,  0.635925,  2784379,  0,
32,  4,  64,  10,  2.05397,  0.473938,  3373310,  0,
32,  4,  64,  10,  2.04395,  0.480251,  3371522,  0,
32,  5,  80,  10,  2.56033,  0.395732,  4023306,  0,
32,  5,  80,  10,  2.5489,  0.389996,  4045759,  0,
32,  6,  96,  10,  2.25244,  0.300928,  4613415,  0,
32,  6,  96,  10,  2.24398,  0.300154,  4615595,  0,
32,  7,  112,  10,  2.61855,  0.271729,  5269322,  0,
32,  7,  112,  10,  2.62182,  0.270753,  5266787,  0,
32,  8,  128,  10,  2.36211,  0.211856,  5866358,  0,
32,  8,  128,  10,  2.35835,  0.212314,  5866178,  0,
32,  9,  144,  10,  2.65335,  0.202058,  6513029,  0,
32,  9,  144,  10,  2.6524,  0.198204,  6519724,  0,
32,  10,  160,  10,  2.42809,  0.152967,  7104977,  0,
32,  10,  160,  10,  2.43073,  0.146145,  7113519,  0,
32,  11,  176,  10,  2.67772,  0.147025,  7772290,  0,
32,  11,  176,  10,  2.68344,  0.14603,  7767770,  0,
32,  12,  192,  10,  2.48114,  0.121298,  8360298,  0,
32,  12,  192,  10,  2.47297,  0.117579,  8367044,  0,
32,  13,  208,  10,  2.68979,  0.118435,  9033090,  0,
32,  13,  208,  10,  2.69227,  0.115237,  9033607,  0,
32,  14,  224,  10,  2.51743,  0.0991995,  9870723,  0,
32,  14,  224,  10,  2.50735,  0.0968819,  9645126,  0,
32,  15,  240,  10,  2.69559,  0.0937984,  10297050,  0,
32,  15,  240,  10,  2.68421,  0.0918506,  10302481,  0,
32,  16,  256,  10,  2.54819,  0.0785975,  10898732,  0,
32,  16,  256,  10,  2.53293,  0.072821,  10965848,  0,
32,  17,  272,  10,  2.70152,  0.0758438,  11566552,  0,
32,  17,  272,  10,  2.7059,  0.0703404,  11590485,  0,
32,  18,  288,  10,  2.55136,  0.0627604,  12162479,  0,
32,  18,  288,  10,  2.55296,  0.059292,  12182401,  0,
32,  19,  304,  10,  2.6967,  0.0569916,  12841440,  0,
32,  19,  304,  10,  2.69939,  0.0558004,  12836604,  0,
32,  20,  320,  10,  2.56979,  0.0494698,  13462283,  0,
32,  20,  320,  10,  2.57918,  0.0524154,  13469722,  0,
32,  21,  336,  10,  2.70516,  0.0451759,  14118082,  0,
32,  21,  336,  10,  2.69896,  0.0452033,  14118034,  0,
32,  22,  352,  10,  2.57685,  0.0385031,  14750105,  0,
32,  22,  352,  10,  2.57939,  0.0412907,  14745626,  0,
32,  23,  368,  10,  2.69738,  0.0359215,  15391035,  0,
32,  23,  368,  10,  2.69722,  0.0386143,  15362678,  0,
32,  24,  384,  10,  2.58325,  0.0290814,  15953366,  0,
32,  24,  384,  10,  2.58796,  0.0311086,  15941421,  0,
32,  25,  400,  10,  2.69463,  0.0267179,  16624681,  0,
32,  25,  400,  10,  2.69608,  0.0335364,  16631329,  0,
32,  26,  416,  10,  2.58191,  0.0247944,  17245087,  0,
32,  26,  416,  10,  2.58831,  0.0239126,  17233148,  0,
32,  27,  432,  10,  2.68336,  0.0206354,  17910664,  0,
32,  27,  432,  10,  2.6829,  0.0227797,  17914806,  0,
32,  28,  448,  10,  2.58393,  0.0184952,  18513630,  0,
32,  28,  448,  10,  2.57264,  0.0169155,  18520527,  0,
32,  29,  464,  10,  2.68741,  0.0128516,  19197185,  0,
32,  29,  464,  10,  2.67379,  0.0147853,  19221893,  0,
32,  30,  480,  10,  2.57548,  0.00921059,  19823812,  0,
32,  30,  480,  10,  2.57937,  0.00911254,  20039173,  0,
32,  31,  496,  10,  2.67011,  0.0113022,  20977091,  0,
32,  31,  496,  10,  2.65868,  0.0107029,  20496288,  0,
32,  32,  512,  10,  2.56732,  0.0071132,  21088870,  0,
32,  32,  512,  10,  2.57425,  0.00594923,  21118021,  0,
32,  33,  528,  10,  2.64985,  0.00746151,  21786827,  0,
32,  33,  528,  10,  2.66682,  0.00582359,  21803270,  0,
32,  34,  544,  10,  2.55555,  0.00426486,  22675235,  0,
32,  34,  544,  10,  2.56726,  0.00402077,  22560245,  0,
32,  35,  560,  10,  2.63506,  0.00478587,  23330117,  0,
32,  35,  560,  10,  2.6411,  0.00481156,  23290759,  0,
32,  36,  576,  10,  2.56096,  0.00312353,  23889142,  0,
32,  36,  576,  10,  2.5462,  0.00216938,  23883956,  0,
32,  37,  592,  10,  2.62981,  0.0018324,  24553017,  0,
32,  37,  592,  10,  2.6363,  0.00258589,  24550839,  0,
32,  38,  608,  10,  2.54965,  0.00113884,  25183214,  0,
32,  38,  608,  10,  2.55474,  0.00153913,  25167187,  0,
32,  39,  624,  10,  2.62204,  0.00131269,  25864571,  0,
32,  39,  624,  10,  2.61943,  0.00110935,  25864204,  0,
32,  40,  640,  10,  2.53324,  0.000693907,  26462268,  0,
32,  40,  640,  10,  2.53594,  0.00079625,  26467209,  0,
32,  41,  656,  10,  2.59646,  0.000576519,  27283191,  0,
32,  41,  656,  10,  2.58575,  0.000650549,  27368734,  0,
32,  42,  672,  10,  2.52448,  0.000321911,  27815637,  0,
32,  42,  672,  10,  2.53816,  0.000285943,  27796861,  0,
32,  43,  688,  10,  2.57508,  0.000474427,  28481507,  0,
32,  43,  688,  10,  2.58039,  0.000508502,  28478746,  0,
32,  44,  704,  10,  2.50848,  0.000182744,  29124247,  0,
32,  44,  704,  10,  2.50337,  0.000153017,  29149704,  0,
32,  45,  720,  10,  2.57347,  0.000146378,  29821488,  0,
32,  45,  720,  10,  2.56492,  0.000159331,  29860863,  0,
32,  46,  736,  10,  2.49299,  8.99468e-05,  30403625,  0,
32,  46,  736,  10,  2.49214,  6.76768e-05,  30416946,  0,
32,  47,  752,  10,  2.54422,  9.34152e-05,  31133396,  0,
32,  47,  752,  10,  2.54785,  7.14174e-05,  31102010,  0,
32,  48,  768,  10,  2.4778,  3.58914e-05,  31746204,  0,
32,  48,  768,  10,  2.47396,  3.97168e-05,  31751209,  0,
32,  49,  784,  10,  2.52723,  4.33693e-05,  32464616,  0,
32,  49,  784,  10,  2.54274,  4.59792e-05,  32527141,  0,
32,  50,  800,  10,  2.45489,  1.77134e-05,  33176025,  0,
32,  50,  800,  10,  2.45654,  1.42428e-05,  33147134,  0,
64,  2,  64,  10,  2.28639,  0.860876,  2735434,  0,
64,  2,  64,  10,  2.28756,  0.859437,  2736545,  0,
64,  3,  96,  10,  3.39428,  0.621196,  3536801,  0,
64,  3,  96,  10,  3.38735,  0.619869,  3540374,  0,
64,  4,  128,  10,  2.88096,  0.445639,  4332924,  0,
64,  4,  128,  10,  2.87474,  0.440328,  4372375,  0,
64,  5,  160,  10,  3.57755,  0.370177,  5141072,  0,
64,  5,  160,  10,  3.57756,  0.371461,  5145696,  0,
64,  6,  192,  10,  3.13957,  0.277346,  5953967,  0,
64,  6,  192,  10,  3.14235,  0.27419,  5956574,  0,
64,  7,  224,  10,  3.66692,  0.252765,  6758282,  0,
64,  7,  224,  10,  3.6654,  0.251267,  6758302,  0,
64,  8,  256,  10,  3.28958,  0.187152,  7576338,  0,
64,  8,  256,  10,  3.30482,  0.185257,  7579866,  0,
64,  9,  288,  10,  3.70204,  0.18004,  8427649,  0,
64,  9,  288,  10,  3.6982,  0.181723,  8373008,  0,
64,  10,  320,  10,  3.37531,  0.131402,  9165076,  0,
64,  10,  320,  10,  3.37454,  0.12682,  9156409,  0,
64,  11,  352,  10,  3.71509,  0.129322,  10002401,  0,
64,  11,  352,  10,  3.70975,  0.129616,  9974443,  0,
64,  12,  384,  10,  3.41625,  0.0948316,  10780026,  0,
64,  12,  384,  10,  3.42527,  0.0983534,  10795577,  0,
64,  13,  416,  10,  3.71358,  0.0939672,  11619512,  0,
64,  13,  416,  10,  3.71318,  0.0931764,  11630379,  0,
64,  14,  448,  10,  3.44372,  0.0667878,  12592171,  0,
64,  14,  448,  10,  3.44227,  0.06394,  12455568,  0,
64,  15,  480,  10,  3.69557,  0.0688524,  13288421,  0,
64,  15,  480,  10,  3.69672,  0.0694066,  13293706,  0,
64,  16,  512,  10,  3.4616,  0.0458124,  14106921,  0,
64,  16,  512,  10,  3.46146,  0.0463414,  14113147,  0,
64,  17,  544,  10,  3.67772,  0.0465317,  14959922,  0,
64,  17,  544,  10,  3.67135,  0.0492788,  14963902,  0,
64,  18,  576,  10,  3.44901,  0.0295822,  15951918,  0,
64,  18,  576,  10,  3.45851,  0.0276962,  15781607,  0,
64,  19,  608,  10,  3.65505,  0.0299916,  16651988,  0,
64,  19,  608,  10,  3.64383,  0.0292959,  16631905,  0,
64,  20,  640,  10,  3.44379,  0.0183565,  17500499,  0,
64,  20,  640,  10,  3.42912,  0.0179187,  17455555,  0,
64,  21,  672,  10,  3.6001,  0.0168158,  18305936,  0,
64,  21,  672,  10,  3.60952,  0.0166452,  18304840,  0,
64,  22,  704,  10,  3.40099,  0.0101503,  19148251,  0,
64,  22,  704,  10,  3.40671,  0.00873677,  19149525,  0,
64,  23,  736,  10,  3.56824,  0.00981102,  19996346,  0,
64,  23,  736,  10,  3.55988,  0.00952656,  20020189,  0,
64,  24,  768,  10,  3.36984,  0.00373365,  20823508,  0,
64,  24,  768,  10,  3.36891,  0.00430038,  21005707,  0,
64,  25,  800,  10,  3.51889,  0.00521086,  21893918,  0,
64,  25,  800,  10,  3.52075,  0.00496183,  21787987,  0,
64,  26,  832,  10,  3.33209,  0.00176095,  22639880,  0,
64,  26,  832,  10,  3.32919,  0.00201118,  22630838,  0,
64,  27,  864,  10,  3.45759,  0.00201633,  23476144,  0,
64,  27,  864,  10,  3.47318,  0.00217365,  23473645,  0,
64,  28,  896,  10,  3.28995,  0.000907821,  24303177,  0,
64,  28,  896,  10,  3.28996,  0.000747517,  24300283,  0,
64,  29,  928,  10,  3.4122,  0.000824045,  25179000,  0,
64,  29,  928,  10,  3.4086,  0.000750064,  25185737,  0,
64,  30,  960,  10,  3.24858,  0.000288019,  26026616,  0,
64,  30,  960,  10,  3.23032,  0.000283175,  26151190,  0,
64,  31,  992,  10,  3.35289,  0.000269715,  26918322,  0,
64,  31,  992,  10,  3.35707,  0.000249494,  26859943,  0,
64,  32,  1024,  10,  3.18238,  9.3543e-05,  27715776,  0,
64,  32,  1024,  10,  3.19522,  8.29678e-05,  27696517,  0,
64,  33,  1056,  10,  3.30287,  0.000102818,  28555734,  0,
64,  33,  1056,  10,  3.29741,  9.41548e-05,  28554938,  0,
64,  34,  1088,  10,  3.13455,  2.90731e-05,  29534476,  0,
64,  34,  1088,  10,  3.12482,  2.64985e-05,  29441216,  0,
64,  35,  1120,  10,  3.23384,  2.53314e-05,  30347160,  0,
64,  35,  1120,  10,  3.22021,  3.0294e-05,  30347233,  0,
64,  36,  1152,  10,  3.07831,  8.79085e-06,  31218515,  0,
64,  36,  1152,  10,  3.06713,  9.41507e-06,  31217690,  0,
64,  37,  1184,  10,  3.15723,  8.10283e-06,  32103542,  0,
64,  37,  1184,  10,  3.16343,  7.74156e-06,  32089919,  0,
64,  38,  1216,  10,  3.01805,  2.16154e-06,  32958650,  0,
64,  38,  1216,  10,  3.00698,  1.93235e-06,  32958839,  0,
64,  39,  1248,  10,  3.09545,  2.16771e-06,  33852339,  0,
64,  39,  1248,  10,  3.09734,  1.83522e-06,  33966910,  0,
64,  40,  1280,  10,  2.94935,  4.98584e-07,  34741381,  0,
64,  40,  1280,  10,  2.9439,  4.77984e-07,  34854492,  0,
64,  41,  1312,  10,  3.02602,  5.5248e-07,  35588706,  0,
64,  41,  1312,  10,  3.02866,  5.72323e-07,  35600554,  0,
64,  42,  1344,  10,  2.87319,  1.07756e-07,  36515243,  0,
64,  42,  1344,  10,  2.88553,  1.38308e-07,  36506410,  0,
64,  43,  1376,  10,  2.96571,  1.26756e-07,  37375625,  0,
64,  43,  1376,  10,  2.96673,  1.3822e-07,  37557229,  0,
64,  44,  1408,  10,  2.81587,  2.31588e-08,  38288159,  0,
64,  44,  1408,  10,  2.8016,  2.35306e-08,  38221812,  0,
64,  45,  1440,  10,  2.88857,  2.62046e-08,  39072635,  0,
64,  45,  1440,  10,  2.88793,  2.33218e-08,  39076007,  0,
64,  46,  1472,  10,  2.74467,  4.27954e-09,  39969126,  0,
64,  46,  1472,  10,  2.75329,  3.90338e-09,  39969892,  0,
64,  47,  1504,  10,  2.81745,  4.25016e-09,  40874311,  0,
64,  47,  1504,  10,  2.8163,  5.11986e-09,  40881112,  0,
64,  48,  1536,  10,  2.67531,  7.43798e-10,  42112905,  0,
64,  48,  1536,  10,  2.67978,  7.30515e-10,  42107304,  0,
64,  49,  1568,  10,  2.74667,  8.90844e-10,  42868905,  0,
64,  49,  1568,  10,  2.74645,  8.81129e-10,  42629436,  0,
64,  50,  1600,  10,  2.601,  1.5195e-10,  43569695,  0,
64,  50,  1600,  10,  2.5984,  1.60606e-10,  43533213,  0,
128,  2,  128,  10,  3.17438,  0.807991,  4116481,  0,
128,  2,  128,  10,  3.17606,  0.815541,  4074847,  0,
128,  3,  192,  10,  4.70891,  0.58769,  5280259,  0,
128,  3,  192,  10,  4.71529,  0.595312,  5258959,  0,
128,  4,  256,  10,  3.9672,  0.404562,  6568014,  0,
128,  4,  256,  10,  3.97899,  0.412144,  6514331,  0,
128,  5,  320,  10,  4.95982,  0.347997,  7748022,  0,
128,  5,  320,  10,  4.94964,  0.344401,  7738888,  0,
128,  6,  384,  10,  4.30724,  0.238027,  8969135,  0,
128,  6,  384,  10,  4.31277,  0.238179,  8945488,  0,
128,  7,  448,  10,  5.02136,  0.217211,  10198610,  0,
128,  7,  448,  10,  5.02175,  0.222525,  10210507,  0,
128,  8,  512,  10,  4.44655,  0.149765,  11516458,  0,
128,  8,  512,  10,  4.43826,  0.147856,  11441328,  0,
128,  9,  576,  10,  4.99183,  0.144717,  12717550,  0,
128,  9,  576,  10,  4.99636,  0.146548,  12716156,  0,
128,  10,  640,  10,  4.47296,  0.0917026,  14025006,  0,
128,  10,  640,  10,  4.46819,  0.0958072,  13991259,  0,
128,  11,  704,  10,  4.93045,  0.0895796,  15265516,  0,
128,  11,  704,  10,  4.9331,  0.0923691,  15268543,  0,
128,  12,  768,  10,  4.43586,  0.0506028,  16567975,  0,
128,  12,  768,  10,  4.43301,  0.0519933,  16560977,  0,
128,  13,  832,  10,  4.82068,  0.0503674,  18141936,  0,
128,  13,  832,  10,  4.83057,  0.050122,  17856556,  0,
128,  14,  896,  10,  4.35284,  0.0238083,  19165456,  0,
128,  14,  896,  10,  4.34767,  0.0246959,  19377596,  0,
128,  15,  960,  10,  4.67894,  0.0208092,  20447178,  0,
128,  15,  960,  10,  4.67586,  0.0226265,  20962220,  0,
128,  16,  1024,  10,  4.24296,  0.00846621,  21762028,  0,
128,  16,  1024,  10,  4.24082,  0.00816698,  21798911,  0,
128,  17,  1088,  10,  4.52249,  0.00879861,  23113140,  0,
128,  17,  1088,  10,  4.52687,  0.00862201,  23118713,  0,
128,  18,  1152,  10,  4.10963,  0.00275693,  24442422,  0,
128,  18,  1152,  10,  4.10506,  0.00235107,  24498259,  0,
128,  19,  1216,  10,  4.34482,  0.00257306,  25754794,  0,
128,  19,  1216,  10,  4.34899,  0.00232778,  26011757,  0,
128,  20,  1280,  10,  3.93411,  0.000633593,  27171714,  0,
128,  20,  1280,  10,  3.94687,  0.000698466,  27233951,  0,
128,  21,  1344,  10,  4.17293,  0.000638777,  28506649,  0,
128,  21,  1344,  10,  4.17505,  0.000670805,  28514627,  0,
128,  22,  1408,  10,  3.78399,  0.000134445,  29892315,  0,
128,  22,  1408,  10,  3.77941,  0.000137891,  29873784,  0,
128,  23,  1472,  10,  3.98132,  0.00013164,  31225309,  0,
128,  23,  1472,  10,  3.97306,  0.00014839,  31245265,  0,
128,  24,  1536,  10,  3.60437,  2.68502e-05,  32565064,  0,
128,  24,  1536,  10,  3.60608,  2.2802e-05,  32622354,  0,
128,  25,  1600,  10,  3.79194,  2.56807e-05,  33939700,  0,
128,  25,  1600,  10,  3.78815,  2.76656e-05,  33906772,  0,
128,  26,  1664,  10,  3.42134,  3.869e-06,  35405244,  0,
128,  26,  1664,  10,  3.42024,  4.2187e-06,  35302465,  0,
128,  27,  1728,  10,  3.59386,  4.04564e-06,  36643573,  0,
128,  27,  1728,  10,  3.59058,  3.87153e-06,  36622635,  0,
128,  28,  1792,  10,  3.24758,  5.77287e-07,  38156753,  0,
128,  28,  1792,  10,  3.23774,  5.90052e-07,  38183436,  0,
128,  29,  1856,  10,  3.39608,  5.63354e-07,  39483230,  0,
128,  29,  1856,  10,  3.39586,  4.95026e-07,  39426067,  0,
128,  30,  1920,  10,  3.06547,  6.24741e-08,  40878768,  0,
128,  30,  1920,  10,  3.06684,  6.11538e-08,  40864662,  0,
128,  31,  1984,  10,  3.20619,  6.47957e-08,  42240734,  0,
128,  31,  1984,  10,  3.20054,  6.23692e-08,  42263915,  0,
128,  32,  2048,  10,  2.90116,  7.09502e-09,  43815375,  0,
128,  32,  2048,  10,  2.89134,  5.83277e-09,  43808398,  0,
128,  33,  2112,  10,  3.01547,  6.2601e-09,  45137313,  0,
128,  33,  2112,  10,  3.02052,  6.27004e-09,  45340923,  0,
128,  34,  2176,  10,  2.72292,  4.99386e-10,  46581151,  0,
128,  34,  2176,  10,  2.72982,  5.43242e-10,  46552560,  0,
128,  35,  2240,  10,  2.83414,  5.56942e-10,  47938665,  0,
128,  35,  2240,  10,  2.84251,  5.16993e-10,  47900191,  0,
128,  36,  2304,  10,  2.56386,  3.9104e-11,  49545715,  0,
128,  36,  2304,  10,  2.5633,  3.70477e-11,  49548212,  0,
128,  37,  2368,  10,  2.66567,  3.47614e-11,  50913517,  0,
128,  37,  2368,  10,  2.66571,  3.86447e-11,  50931911,  0,
128,  38,  2432,  10,  2.3984,  2.53087e-12,  52388105,  0,
128,  38,  2432,  10,  2.39314,  2.49252e-12,  52382234,  0,
128,  39,  2496,  10,  2.50254,  2.37548e-12,  53817300,  0,
128,  39,  2496,  10,  2.49824,  2.31255e-12,  53794671,  0,
128,  40,  2560,  10,  2.25299,  1.21067e-13,  55373125,  0,
128,  40,  2560,  10,  2.25235,  1.2907e-13,  55376619,  0,
128,  41,  2624,  10,  2.33708,  1.18111e-13,  56767951,  0,
128,  41,  2624,  10,  2.34012,  1.27581e-13,  56778942,  0,
128,  42,  2688,  10,  2.10113,  1.09081e-14,  58338021,  0,
128,  42,  2688,  10,  2.1041,  1.08055e-14,  58283140,  0,
128,  43,  2752,  10,  2.19061,  1.13219e-14,  59781125,  0,
128,  43,  2752,  10,  2.19409,  1.10014e-14,  59767512,  0,
128,  44,  2816,  10,  1.9652,  8.89628e-15,  61383410,  0,
128,  44,  2816,  10,  1.97548,  8.78997e-15,  61304246,  0,
128,  45,  2880,  10,  2.05042,  9.47032e-15,  62754287,  0,
128,  45,  2880,  10,  2.04921,  9.58327e-15,  62817774,  0,
128,  46,  2944,  10,  1.83501,  9.15359e-15,  64276738,  0,
128,  46,  2944,  10,  1.84033,  8.71723e-15,  64236128,  0,
128,  47,  3008,  10,  1.91087,  9.62415e-15,  65809552,  0,
128,  47,  3008,  10,  1.9054,  8.84804e-15,  65830188,  0,
128,  48,  3072,  10,  1.71649,  8.86559e-15,  67467259,  0,
128,  48,  3072,  10,  1.71337,  1.00347e-14,  67486022,  0,
128,  49,  3136,  10,  1.78269,  9.11802e-15,  68827924,  0,
128,  49,  3136,  10,  1.78391,  9.39755e-15,  68845626,  0,
128,  50,  3200,  10,  1.60142,  9.50621e-15,  70350650,  0,
128,  50,  3200,  10,  1.60309,  1.0082e-14,  70378128,  0,

