2, 1, 389, 6521, 363, 283, 6318, 6721687, 4451739, 3422, 110, 20, 49, 2126191, 8865353, 
2, 1, 943, 990484, 258, 230, 391, 6802012, 4481942, 2797, 63, 2, 3, 2233026, 10030209, 
20, 1, 642, 1349, 1464, 2978, 3433, 47095570, 44870244, 2787, 2051, 22, 32, 2142643, 49252971, 
20, 1, 794, 5099, 1424, 2101, 1772, 46866446, 44647344, 2837, 2104, 13, 25, 2136246, 49018861, 
50, 1, 761, 453122, 3329, 3451, 2760, 79909629, 78341597, 2821, 5155, 41, 99, 2062810, 82443978, 
50, 1, 1004, 1812, 3238, 3825, 2528, 78749880, 77108499, 2825, 5262, 33, 91, 1378942, 80149440, 
2, 2, 1069, 157649, 1066, 599, 762, 2771256, 1731815, 3193, 101, 2, 6, 1281481, 4217184, 
2, 2, 918, 1233, 1100, 443, 439, 2592827, 1712090, 3186, 97, 2, 4, 794984, 3395233, 
20, 2, 894, 8750, 7652, 10646, 2028, 17619555, 16791930, 3188, 3109, 18, 36, 812296, 18468172, 
20, 2, 1108, 1268, 7617, 9442, 1550, 18229173, 17370914, 3222, 3139, 15, 33, 796691, 19053258, 
50, 2, 1252, 3927, 18140, 34672, 3306, 44238053, 43453609, 3214, 8207, 43, 154, 860681, 45171649, 
50, 2, 1229, 5321, 18148, 37630, 3793, 41816969, 41041875, 3199, 8296, 47, 148, 858606, 42753386, 
2, 8, 3441, 696, 10619, 137, 912, 3142226, 2319214, 5462, 1072, 2, 4, 751324, 3915895, 
2, 8, 2227, 716, 10490, 177, 1666, 3175967, 2398717, 5628, 1098, 3, 14, 863674, 4061660, 
20, 8, 3155, 8103, 75754, 6892, 5387, 23778087, 22968922, 5506, 11156, 20, 104, 751219, 24645383, 
20, 8, 2514, 337026, 74334, 7586, 6980, 23696307, 22991000, 5490, 11224, 20, 101, 733773, 24875355, 
50, 8, 3539, 33605, 184937, 104133, 14821, 58324481, 57924066, 5498, 28482, 60, 919, 804482, 59504957, 
50, 8, 3558, 21124, 188709, 101654, 12620, 57933519, 57523105, 5491, 28558, 61, 915, 800052, 59096261, 
2, 32, 907, 2643, 123591, 6712, 8959, 3345597, 2531975, 20794, 4312, 4, 9, 714514, 4228042, 
2, 32, 9267, 2636, 123132, 6828, 8887, 3341961, 2532585, 20794, 4354, 12, 9, 714659, 4232539, 
20, 32, 2982, 45977, 896173, 211153, 69340, 25700286, 26067783, 20788, 43272, 55, 800, 807731, 27798557, 
20, 32, 2937, 45393, 888380, 192905, 119141, 24465401, 24868117, 20997, 43651, 54, 795, 807106, 26586760, 
50, 32, 8082, 413676, 2283340, 1114760, 227449, 57895027, 61231433, 20832, 110474, 137, 9001, 1217179, 63299957, 
50, 32, 7150, 359630, 2008292, 1001982, 140238, 53975859, 56816688, 20754, 109735, 123, 8442, 1003774, 58635979, 
2, 128, 1798, 340884, 191940, 27015, 68350, 4224087, 3166707, 81974, 17423, 13, 52, 595826, 5549362, 
2, 128, 1765, 24665, 188627, 26848, 72377, 4206747, 3168669, 82014, 17341, 14, 50, 594758, 5215206, 
20, 128, 12703, 944199, 1375898, 862606, 484255, 30585668, 32545972, 82144, 172920, 133, 7912, 1006949, 35535387, 
20, 128, 12967, 699299, 1320521, 857965, 475208, 30558302, 32453721, 82036, 171957, 138, 7889, 999842, 35186124, 
50, 128, 21665, 3848359, 3203151, 5010070, 1155259, 74497723, 85084262, 81991, 431140, 343, 93212, 2637764, 90980677, 
50, 128, 21462, 3764094, 3269895, 5199713, 1212211, 75391032, 86302960, 82057, 430767, 375, 91769, 2663630, 92127005, 
2, 1, 482, 590, 296, 332, 965, 6745156, 4476978, 2852, 107, 15, 52, 2074891, 8825738, 
2, 1, 995, 696217, 241, 261, 2748, 6768029, 4502828, 2804, 73, 2, 6, 2231030, 9702406, 
20, 1, 789, 5343, 1416, 3037, 2527, 46727847, 44488207, 2797, 1712, 22, 29, 2132081, 48877600, 
20, 1, 1038, 4419, 1473, 1332, 1152, 46280280, 44047672, 2818, 1663, 17, 25, 2107920, 48402137, 
50, 1, 1208, 542028, 3360, 5096, 12186, 83757242, 82058565, 2813, 4817, 41, 91, 1963412, 86292294, 
50, 1, 1311, 828225, 3352, 7252, 4012, 59883622, 58514584, 2813, 4684, 38, 83, 1469440, 62204832, 
2, 2, 1314, 433, 1115, 605, 574, 2164750, 1393108, 2958, 441, 2, 4, 1054947, 3227143, 
2, 2, 1084, 3784, 1060, 497, 864, 2292321, 1443713, 2928, 441, 2, 9, 654444, 2957434, 
20, 2, 934, 2026, 7210, 11241, 2380, 14476097, 13753831, 2902, 3469, 20, 46, 649905, 15156230, 
20, 2, 989, 1346, 8719, 10089, 1782, 13408677, 12759478, 2897, 3577, 20, 50, 729979, 14168125, 
50, 2, 1421, 342254, 16693, 40225, 6228, 38415987, 37760579, 2909, 8139, 50, 155, 752317, 39586378, 
50, 2, 1197, 4272, 16767, 40472, 4251, 40715101, 40026143, 2910, 8271, 47, 156, 801444, 41594888, 
2, 8, 3989, 674, 10572, 189, 1030, 2905582, 2106550, 5444, 831, 2, 6, 839962, 3768281, 
2, 8, 3771, 731, 10424, 562, 1840, 3705141, 2937913, 5412, 844, 3, 5, 861932, 4590665, 
20, 8, 4425, 7446, 73613, 16134, 10187, 22634727, 22035373, 5470, 11324, 21, 116, 683590, 23447053, 
20, 8, 3658, 399904, 72761, 10953, 5304, 20997916, 20542711, 5387, 11120, 20, 107, 530756, 22037886, 
50, 8, 3767, 426802, 177534, 175541, 14038, 51566477, 51511547, 5395, 28126, 52, 888, 611932, 53010552, 
50, 8, 3746, 22845, 183262, 186886, 28965, 52001173, 51964194, 5397, 28188, 53, 896, 630669, 53092080, 
2, 32, 7048, 3658, 134355, 8345, 10420, 2866481, 2269574, 20873, 4009, 6, 9, 515526, 3570730, 
2, 32, 844, 3688, 133623, 8501, 10519, 2880152, 2286938, 20827, 4055, 6, 8, 515121, 3577344, 
20, 32, 3212, 68015, 954065, 316433, 122420, 22812578, 23552563, 20860, 43068, 50, 809, 698567, 25040077, 
20, 32, 3045, 425230, 888427, 183487, 64491, 22372487, 22667071, 20881, 43140, 70, 800, 657794, 24659852, 
50, 32, 11361, 316420, 2343098, 1602997, 188521, 53972281, 58018427, 20862, 108449, 124, 8327, 1166933, 59739373, 
50, 32, 7176, 277802, 2354908, 1667517, 312943, 56866319, 61119972, 20859, 107307, 151, 8500, 1149070, 62772552, 
2, 128, 1790, 29224, 238065, 33147, 116673, 4235735, 3252526, 81892, 17359, 12, 53, 544509, 5298459, 
2, 128, 1675, 29027, 235544, 33112, 115803, 4221760, 3243823, 81905, 16839, 12, 47, 545631, 5281355, 
20, 128, 13033, 642841, 1652444, 1480420, 884749, 30730369, 34177160, 81723, 171156, 107, 7937, 1175874, 36840653, 
20, 128, 15043, 1188095, 1632271, 1473821, 869063, 30787174, 34184264, 82020, 170710, 146, 7926, 1175150, 37401419, 
50, 128, 22559, 3947179, 3981269, 7842424, 2173309, 74277178, 90610171, 81764, 450766, 331, 92481, 3812062, 96681322, 
50, 128, 22432, 3847624, 3994769, 7953718, 2172897, 77907024, 94436547, 81869, 449998, 322, 92318, 3784898, 100307869, 
2, 1, 512, 584, 337, 287, 1471, 6876637, 4606014, 3182, 94, 11, 51, 2094007, 8977173, 
2, 1, 1171, 1138462, 253, 197, 1576, 6633951, 4390361, 3113, 75, 2, 3, 2089435, 9868238, 
20, 1, 678, 4060, 1379, 2156, 1856, 46187968, 43947783, 3075, 1692, 24, 29, 2107786, 48310703, 
20, 1, 1000, 4480, 1369, 1558, 1330, 46445254, 44197067, 3088, 1725, 21, 33, 2101038, 48560896, 
50, 1, 1180, 508549, 3800, 7269, 5496, 78021414, 76525806, 3108, 5186, 49, 204, 1935316, 80491571, 
50, 1, 933, 402464, 4462, 5621, 4546, 69452162, 67988937, 3120, 5049, 109, 109, 1526676, 71405251, 
2, 2, 1984, 1047, 1038, 608, 686, 2797977, 1743824, 2880, 473, 3, 4, 1082062, 3888762, 
2, 2, 1083, 412, 1094, 431, 603, 2635652, 1810816, 2944, 443, 2, 4, 1009134, 3651802, 
20, 2, 2106, 3224, 7403, 10061, 1934, 18118036, 17188908, 2869, 3678, 21, 42, 933327, 19082701, 
20, 2, 890, 391209, 7306, 10307, 1803, 17895846, 17033298, 2858, 3728, 21, 36, 808063, 19122067, 
50, 2, 1311, 4874, 17518, 37220, 3227, 43197003, 42409906, 2874, 8889, 54, 164, 816546, 44089680, 
50, 2, 1172, 4467, 16947, 36298, 3633, 42108079, 41320590, 2881, 8979, 50, 157, 817801, 43000464, 
2, 8, 3831, 400131, 10678, 286, 2206, 3120122, 2316022, 5528, 852, 2, 73, 801360, 4345069, 
2, 8, 2538, 393393, 10976, 157, 885, 2893739, 2192026, 5396, 786, 3, 3, 665262, 3973138, 
20, 8, 3215, 8629, 74808, 13513, 6212, 22807671, 22158201, 5385, 11722, 21, 119, 670456, 23601751, 
20, 8, 3087, 6686, 75124, 12478, 8797, 22547756, 21980682, 5425, 11682, 22, 116, 617329, 23288502, 
50, 8, 4195, 31108, 180334, 192691, 22124, 55422064, 55272074, 5361, 29426, 56, 922, 828843, 56717124, 
50, 8, 4614, 507397, 179058, 194015, 18232, 53502452, 53331473, 5396, 29329, 51, 894, 737638, 55179076, 
2, 32, 6255, 3542, 129639, 8680, 9880, 3302018, 2373001, 27882, 4188, 5, 8, 677696, 4169793, 
2, 32, 879, 3433, 127401, 8622, 9783, 2923061, 2200880, 20800, 4352, 5, 7, 833029, 3931372, 
20, 32, 3600, 65226, 983885, 256783, 185422, 23525659, 23555279, 20808, 45529, 54, 944, 951720, 26039630, 
20, 32, 2882, 53482, 1001535, 310310, 68939, 20602488, 21378339, 20764, 45644, 60, 802, 611608, 22718514, 
50, 32, 12067, 365631, 2292748, 1481297, 157539, 49606507, 53445912, 20790, 113880, 134, 8442, 1063092, 55122127, 
50, 32, 7974, 318706, 2293852, 1483757, 154089, 49676801, 53517844, 20760, 113967, 122, 8506, 1058018, 55136552, 
2, 128, 1819, 31053, 231223, 34355, 111873, 4036874, 3087690, 81783, 17369, 19, 51, 517426, 5063845, 
2, 128, 1695, 30751, 229570, 34256, 112519, 4037349, 3088077, 81796, 17355, 10, 49, 517191, 5062541, 
20, 128, 13280, 683912, 1632350, 1306975, 854693, 29190259, 32427286, 81759, 179205, 131, 7901, 1113710, 35064175, 
20, 128, 13603, 676514, 1644725, 1314477, 865671, 29187932, 32455449, 81811, 178331, 173, 7851, 1114262, 35085350, 
50, 128, 22352, 4090240, 4038153, 7409005, 2193313, 71189883, 87083282, 81936, 448879, 535, 92488, 3587678, 93154462, 
50, 128, 23200, 4196307, 3582770, 5779645, 2066360, 75450008, 88564786, 81849, 448764, 533, 92541, 3157212, 94879189, 
2, 1, 453, 621, 294, 366, 589, 6874325, 4584438, 2873, 106, 26, 55, 2100634, 8980342, 
2, 1, 872, 512576, 239, 233, 477, 6677019, 4415101, 2810, 73, 2, 17, 2105953, 9300271, 
20, 1, 752, 1847, 1444, 2591, 2149, 46574558, 44346413, 2783, 1985, 16, 29, 2152218, 48740372, 
20, 1, 993, 5994, 3438, 5841, 3874, 46571889, 44345104, 2788, 2037, 15, 28, 2125384, 48722281, 
50, 1, 792, 762575, 3402, 4838, 3416, 83662527, 81948867, 2791, 4707, 30, 88, 2058466, 86503632, 
50, 1, 1141, 2454, 3430, 4713, 3358, 83565891, 81917044, 2785, 4670, 29, 79, 1468900, 85057450, 
2, 2, 1129, 654, 1640, 620, 894, 3768282, 2412769, 2830, 67, 2, 3, 1382690, 5158811, 
2, 2, 864, 485, 1153, 416, 551, 3400575, 2284049, 2839, 87, 2, 3, 1113825, 4520800, 
20, 2, 1047, 1756, 7420, 10563, 3157, 22371939, 21044957, 2832, 3166, 16, 36, 1041217, 23443149, 
20, 2, 1076, 1429, 7619, 11001, 2824, 20995919, 20004437, 2859, 3094, 19, 43, 1203042, 22228925, 
50, 2, 1621, 9196, 18834, 32215, 11778, 43974787, 43172750, 2848, 8375, 55, 332, 961753, 45021794, 
50, 2, 2053, 556742, 17249, 28334, 4424, 42266390, 41528080, 2931, 8321, 40, 167, 810686, 43697337, 
2, 8, 3534, 379757, 10848, 552, 2140, 3946772, 2883483, 5616, 1142, 2, 6, 849777, 5200146, 
2, 8, 2250, 1323, 10624, 551, 2171, 3492141, 2578189, 5640, 1145, 3, 4, 802066, 4317918, 
20, 8, 2912, 390612, 72676, 8573, 5244, 23650292, 22883738, 5667, 11270, 22, 114, 910147, 25057529, 
20, 8, 2703, 9005, 74257, 8849, 5341, 23714969, 22975420, 5668, 11407, 22, 114, 780268, 24612603, 
50, 8, 4012, 20934, 172826, 112478, 13323, 58512442, 58007747, 5644, 28716, 63, 927, 893368, 59764733, 
50, 8, 3793, 20337, 171114, 106822, 12856, 58446186, 58017229, 5641, 28873, 50, 917, 862712, 59659301, 
2, 32, 6764, 2842, 125959, 6813, 8692, 3339131, 2515904, 20833, 4213, 5, 8, 734161, 4249421, 
2, 32, 1619, 2812, 123949, 6666, 8826, 3330322, 2513417, 20827, 4379, 4, 9, 734613, 4234026, 
20, 32, 4135, 39758, 888160, 193966, 60222, 24601158, 24934011, 20818, 43305, 47, 820, 969499, 26821888, 
20, 32, 3820, 40767, 893870, 206364, 60603, 24512966, 24886451, 20869, 43331, 78, 824, 779011, 26562503, 
50, 32, 11504, 264258, 2152905, 1027721, 163007, 59618705, 62575350, 20864, 109049, 162, 8435, 1159212, 64535822, 
50, 32, 8226, 381497, 2133112, 1010730, 177931, 58725308, 61693381, 20811, 110022, 131, 8447, 1145422, 63721637, 
2, 128, 2108, 24730, 208585, 29931, 93805, 4504357, 3341025, 81820, 16804, 13, 51, 812214, 5774418, 
2, 128, 1946, 23430, 199227, 28436, 82898, 4496520, 3345745, 82143, 17027, 13, 53, 747144, 5678837, 
20, 128, 14469, 621159, 1377214, 845868, 536211, 32455360, 34358397, 82208, 172355, 124, 8020, 1189721, 37302709, 
20, 128, 15390, 615158, 1601208, 859724, 692606, 32512501, 34837320, 83355, 171447, 471, 7909, 1206015, 37765784, 
50, 128, 23919, 4048164, 3398590, 4923657, 1327238, 79238183, 90095920, 81739, 428696, 515, 92722, 2904389, 96467812, 
50, 128, 23873, 3810138, 3377930, 4938152, 1302446, 79155528, 90007158, 82087, 430273, 325, 91613, 2934655, 96147020, 
2, 1, 425, 508, 253, 235, 739, 6726154, 4462350, 2850, 101, 10, 46, 2073411, 8804732, 
2, 1, 972, 610512, 277, 371, 604, 6779798, 4519866, 2791, 78, 2, 17, 2188016, 9583438, 
20, 1, 814, 2581, 1427, 1823, 1616, 46316115, 44062096, 2797, 2081, 21, 36, 2085700, 48415011, 
20, 1, 878, 4122, 1516, 2400, 2366, 45810224, 43596136, 2798, 2028, 17, 35, 2138884, 47965268, 
50, 1, 952, 647372, 3233, 4393, 3361, 76244038, 74800337, 2854, 4702, 29, 99, 2006940, 78917973, 
50, 1, 1013, 2557, 3657, 8012, 4844, 73758961, 72183927, 2789, 4825, 36, 109, 1331566, 75118369, 
2, 2, 1123, 449216, 1052, 502, 391, 2542203, 1614742, 2856, 80, 2, 4, 904264, 3901693, 
2, 2, 782, 337946, 1115, 415, 347, 2504502, 1637544, 2850, 90, 2, 4, 783490, 3631543, 
20, 2, 941, 432300, 7635, 11124, 1423, 17321200, 16487774, 2856, 3087, 13, 40, 773257, 18553876, 
20, 2, 952, 378755, 7660, 9394, 1451, 17312027, 16477274, 2854, 3084, 11, 40, 771418, 18487646, 
50, 2, 1339, 4202, 18605, 42494, 6228, 44777212, 43997660, 2854, 8198, 33, 177, 860193, 45721535, 
50, 2, 1249, 3621, 18706, 38616, 3437, 43442933, 42661149, 2850, 8271, 39, 163, 802474, 44322359, 
2, 8, 3486, 678, 11081, 171, 1420, 3569830, 2450678, 5657, 1138, 2, 5, 1073646, 4667114, 
2, 8, 2588, 1852, 10634, 622, 1911, 3445027, 2374563, 5582, 1119, 2, 11, 930923, 4400271, 
20, 8, 3502, 83619, 75854, 9709, 6570, 24862724, 24056814, 5579, 11162, 20, 111, 862595, 25921445, 
20, 8, 2708, 10245, 75432, 8832, 5156, 24689463, 23868748, 5567, 11161, 22, 110, 828021, 25636717, 
50, 8, 3699, 20961, 185702, 111641, 15923, 60187380, 59714859, 5576, 28650, 55, 945, 886392, 61446924, 
50, 8, 3749, 29142, 183552, 102077, 13352, 59252193, 58770263, 5608, 28550, 51, 923, 853378, 60472575, 
2, 32, 588, 312180, 137289, 9178, 12413, 3496573, 2486672, 20795, 4292, 4, 10, 852793, 4846115, 
2, 32, 7053, 443992, 137842, 8617, 10200, 3381833, 2485625, 20829, 4275, 5, 9, 798901, 4813556, 
20, 32, 3028, 396708, 1026693, 341626, 94500, 25947696, 26544220, 20837, 43660, 66, 859, 937564, 28813237, 
20, 32, 2646, 386572, 977565, 321290, 69750, 24931323, 25410161, 20786, 43635, 50, 817, 946398, 27700832, 
50, 32, 7475, 300039, 2401599, 1688446, 237149, 61195444, 65248648, 20809, 108718, 126, 8464, 1475008, 67443277, 
50, 32, 7055, 300068, 2356429, 1675607, 185384, 61105136, 65005635, 20797, 108728, 132, 8469, 1637363, 67405168, 
2, 128, 1723, 31488, 240196, 33794, 122771, 4652266, 3512491, 81723, 17161, 14, 48, 909333, 6090517, 
2, 128, 1678, 54039, 259328, 35856, 177088, 4608130, 3569414, 81714, 17515, 1434, 51, 852055, 6088888, 
20, 128, 12673, 1010550, 1683783, 1420445, 893315, 34007842, 36478775, 154631, 170922, 155, 7935, 1511584, 40873835, 
20, 128, 13337, 1007343, 1823486, 1406370, 936562, 32951256, 36438451, 81734, 171126, 432, 8209, 1414361, 39814216, 
50, 128, 21688, 4503843, 4078652, 7596958, 2050484, 79431884, 95391955, 82050, 426110, 351, 92793, 4013396, 102298209, 
50, 128, 21710, 4330468, 4016627, 7585767, 2067187, 79335498, 95243400, 81730, 426761, 322, 92817, 3983239, 101942126, 
