1,  2,  1,  10,  1145.01,  1145.01,  5223718,  2576854142,
1,  2,  1,  10,  3978.03,  3978.03,  5161053,  2576854142,
1,  3,  1,  10,  33639.1,  33639.1,  6361754,  2576854142,
1,  3,  1,  10,  62798,  62798,  6405139,  2576854142,
1,  4,  2,  10,  140.647,  140.647,  8191228,  2576854142,
1,  4,  2,  10,  140.717,  140.717,  8106728,  2576854142,
1,  5,  2,  10,  180.606,  180.606,  9607993,  2576854142,
1,  5,  2,  10,  181.491,  181.491,  9267525,  2576854142,
1,  6,  3,  10,  176.42,  176.42,  10888062,  2576854142,
1,  6,  3,  10,  176.26,  176.26,  10959295,  2576854142,
1,  7,  3,  10,  207.939,  207.939,  12188099,  2576854142,
1,  7,  3,  10,  210.009,  210.009,  12095124,  2576854142,
1,  8,  4,  10,  195.891,  195.891,  13852057,  2576854142,
1,  8,  4,  10,  195.696,  195.696,  13935271,  2576854142,
1,  9,  4,  10,  221.204,  221.204,  15307169,  2576854142,
1,  9,  4,  10,  221.976,  221.976,  15350649,  2576854142,
1,  10,  5,  10,  207.733,  207.733,  16645585,  2576854142,
1,  10,  5,  10,  207.746,  207.746,  16829607,  2576854142,
1,  11,  5,  10,  228.857,  228.857,  18302348,  2576854142,
1,  11,  5,  10,  228.655,  228.655,  18479160,  2576854142,
1,  12,  6,  10,  214.495,  214.495,  20623753,  2576854142,
1,  12,  6,  10,  215.037,  215.037,  20198239,  2576854142,
1,  13,  6,  10,  232.932,  232.932,  21354172,  2576854142,
1,  13,  6,  10,  233.671,  233.671,  21465102,  2576854142,
1,  14,  7,  10,  221.365,  221.365,  23466665,  2576854142,
1,  14,  7,  10,  220.497,  220.497,  23197136,  2576854142,
1,  15,  7,  10,  237.148,  237.148,  24710465,  2576854142,
1,  15,  7,  10,  236.107,  236.107,  24611952,  2576854142,
1,  16,  8,  10,  224.809,  224.809,  26284186,  2576854142,
1,  16,  8,  10,  224.593,  224.593,  26410489,  2576854142,
1,  17,  8,  10,  240.049,  240.049,  27567537,  2576854142,
1,  17,  8,  10,  237.882,  237.882,  27673413,  2576854142,
1,  18,  9,  10,  228.931,  228.931,  29683051,  2576854142,
1,  18,  9,  10,  228.794,  228.794,  29528646,  2576854142,
1,  19,  9,  10,  241.614,  241.614,  30934565,  2576854142,
1,  19,  9,  10,  240.566,  240.566,  30229308,  2576854142,
1,  20,  10,  10,  230.868,  230.868,  31714923,  2576854142,
1,  20,  10,  10,  230.746,  230.746,  32085850,  2576854142,
1,  21,  10,  10,  243.125,  243.125,  33578369,  2576854142,
1,  21,  10,  10,  242.961,  242.961,  33166354,  2576854142,
1,  22,  11,  10,  232.719,  207.742,  34830626,  2576854142,
1,  22,  11,  10,  232.759,  207.66,  35258445,  2576854142,
1,  23,  11,  10,  244.077,  218.662,  36720001,  2576854142,
1,  23,  11,  10,  244.5,  219.312,  36080172,  2576854142,
1,  24,  12,  10,  234.481,  188.249,  37785119,  2576854142,
1,  24,  12,  10,  235.95,  189.245,  37504316,  2576854142,
1,  25,  12,  10,  244.533,  197.103,  39195233,  2576854142,
1,  25,  12,  10,  244.719,  197.203,  38660512,  2576854142,
1,  26,  13,  10,  236.521,  172.017,  40218759,  2576854142,
1,  26,  13,  10,  236.545,  171.382,  40679801,  2576854142,
1,  27,  13,  10,  245.091,  178.704,  41766091,  2576854142,
1,  27,  13,  10,  246.213,  180.297,  41805079,  2576854142,
1,  28,  14,  10,  238.045,  156.762,  43290185,  2576854142,
1,  28,  14,  10,  238.925,  156.943,  43148995,  2576854142,
1,  29,  14,  10,  245.884,  163.112,  44269878,  2576854142,
1,  29,  14,  10,  245.726,  162.947,  43040594,  2576854142,
1,  30,  15,  10,  238.104,  142.956,  43152547,  2576854142,
1,  30,  15,  10,  237.578,  142.549,  43173259,  2576854142,
1,  31,  15,  10,  246.136,  148.9,  43972996,  2576854142,
1,  31,  15,  10,  247.887,  149.528,  43433002,  2576854142,
1,  32,  16,  10,  239.33,  131.482,  44458135,  2576854142,
1,  32,  16,  10,  240.008,  131.8,  44237630,  2576854142,
1,  33,  16,  10,  247.766,  137.159,  44989115,  2576854142,
1,  33,  16,  10,  247.547,  137.048,  45432529,  2576854142,
1,  34,  17,  10,  241.675,  122.106,  46755966,  2576854142,
1,  34,  17,  10,  241.083,  121.377,  48183880,  2576854142,
1,  35,  17,  10,  247.559,  126.167,  48920829,  2576854142,
1,  35,  17,  10,  248.123,  127.189,  48883760,  2576854142,
1,  36,  18,  10,  241.968,  113.049,  51025570,  2576854142,
1,  36,  18,  10,  242.902,  113.546,  50096495,  2576854142,
1,  37,  18,  10,  249.023,  117.016,  51872610,  2576854142,
1,  37,  18,  10,  249.493,  117.364,  51513826,  2576854142,
1,  38,  19,  10,  242.641,  105.311,  53658070,  2576854142,
1,  38,  19,  10,  242.305,  104.56,  53468218,  2576854142,
1,  39,  19,  10,  248.377,  109.369,  54684056,  2576854142,
1,  39,  19,  10,  248.327,  109.127,  54633505,  2576854142,
1,  40,  20,  10,  242.703,  97.0826,  57078100,  2576854142,
1,  40,  20,  10,  242.701,  98.1545,  56534643,  2576854142,
1,  41,  20,  10,  249.327,  101.772,  57339472,  2576854142,
1,  41,  20,  10,  248.959,  100.91,  57949622,  2576854142,
1,  42,  21,  10,  243.687,  91.3412,  58577609,  2576854142,
1,  42,  21,  10,  243.446,  92.5972,  58056539,  2576854142,
1,  43,  21,  10,  249.492,  94.0666,  59576301,  2576854142,
1,  43,  21,  10,  249.843,  95.4549,  59410273,  2576854142,
1,  44,  22,  10,  245.153,  86.0195,  60776429,  2576854142,
1,  44,  22,  10,  244.413,  86.921,  60585041,  2576854142,
1,  45,  22,  10,  249.56,  88.0876,  58283879,  2576854142,
1,  45,  22,  10,  248.779,  88.3356,  57239886,  2576854142,
1,  46,  23,  10,  244.667,  81.2632,  58884695,  2576854142,
1,  46,  23,  10,  244.913,  80.4307,  58655203,  2576854142,
1,  47,  23,  10,  249.662,  83.168,  60704880,  2576854142,
1,  47,  23,  10,  250.568,  83.9567,  59679767,  2576854142,
1,  48,  24,  10,  244.569,  76.0004,  59947371,  2576854142,
1,  48,  24,  10,  244.088,  75.8303,  58681776,  2576854142,
1,  49,  24,  10,  249.055,  77.2249,  61287183,  2576854142,
1,  49,  24,  10,  251.39,  79.2647,  61681327,  2576854142,
1,  50,  25,  10,  245.287,  71.9897,  63541792,  2576854142,
1,  50,  25,  10,  245.348,  72.5751,  63595324,  2576854142,
1,  51,  25,  10,  250.322,  74.2367,  64487393,  2576854142,
1,  51,  25,  10,  250.006,  73.8626,  63819693,  2576854142,
1,  52,  26,  10,  245.366,  68.7798,  64610126,  2576854142,
1,  52,  26,  10,  246.814,  69.1479,  65056041,  2576854142,
1,  53,  26,  10,  249.872,  70.3641,  65848148,  2576854142,
1,  53,  26,  10,  250.712,  70.0246,  65192415,  2576854142,
1,  54,  27,  10,  245.754,  64.7921,  67426161,  2576854142,
1,  54,  27,  10,  246.912,  64.0445,  68171705,  2576854142,
1,  55,  27,  10,  251.403,  66.4381,  68217130,  2576854142,
1,  55,  27,  10,  250.572,  67.2031,  68159151,  2576854142,
1,  56,  28,  10,  245.562,  60.7432,  67994370,  2576854142,
1,  56,  28,  10,  246.665,  61.6746,  67384920,  2576854142,
1,  57,  28,  10,  251.492,  63.5895,  66600382,  2576854142,
1,  57,  28,  10,  251.532,  63.0481,  67657031,  2576854142,
1,  58,  29,  10,  247.759,  58.588,  70728257,  2576854142,
1,  58,  29,  10,  246.438,  57.6788,  68221728,  2576854142,
1,  59,  29,  10,  250.915,  59.9215,  69949827,  2576854142,
1,  59,  29,  10,  251.1,  59.6666,  69149184,  2576854142,
1,  60,  30,  10,  247.342,  55.4505,  71313255,  2576854142,
1,  60,  30,  10,  247.169,  56.1086,  71884358,  2576854142,
1,  61,  30,  10,  251.491,  57.362,  71023178,  2576854142,
1,  61,  30,  10,  251.078,  56.3314,  72092384,  2576854142,
1,  62,  31,  10,  246.135,  53.7455,  72711090,  2576854142,
1,  62,  31,  10,  248.386,  53.3835,  72574061,  2576854142,
1,  63,  31,  10,  251.994,  54.0116,  73199981,  2576854142,
1,  63,  31,  10,  251.262,  54.411,  71629177,  2576854142,
1,  64,  32,  10,  247.669,  50.2452,  73735028,  2576854142,
1,  64,  32,  10,  247.995,  50.7898,  73548052,  2576854142,
1,  65,  32,  10,  250.909,  51.6228,  73164516,  2576854142,
1,  65,  32,  10,  252.074,  52.0098,  72516752,  2576854142,
1,  66,  33,  10,  248.408,  48.5059,  75662401,  2576854142,
1,  66,  33,  10,  248.027,  49.0719,  74733054,  2576854142,
1,  67,  33,  10,  251.732,  49.9124,  75630888,  2576854142,
1,  67,  33,  10,  251.605,  48.9401,  73069791,  2576854142,
1,  68,  34,  10,  248.219,  45.9757,  76927860,  2576854142,
1,  68,  34,  10,  248.304,  46.944,  77094615,  2576854142,
1,  69,  34,  10,  252.183,  47.9173,  77453336,  2576854142,
1,  69,  34,  10,  251.737,  47.756,  76785717,  2576854142,
1,  70,  35,  10,  248.739,  44.1204,  78335242,  2576854142,
1,  70,  35,  10,  248.761,  44.228,  78235118,  2576854142,
1,  71,  35,  10,  251.369,  46.2855,  79538952,  2576854142,
1,  71,  35,  10,  251.273,  44.747,  78610646,  2576854142,
1,  72,  36,  10,  248.73,  43.1042,  78481063,  2576854142,
1,  72,  36,  10,  249.237,  43.4011,  81093001,  2576854142,
1,  73,  36,  10,  251.915,  43.7358,  81399668,  2576854142,
1,  73,  36,  10,  252.637,  43.3707,  81576250,  2576854142,
1,  74,  37,  10,  248.517,  41.6243,  82767242,  2576854142,
1,  74,  37,  10,  248.26,  41.4223,  82509169,  2576854142,
1,  75,  37,  10,  251.882,  41.085,  83500312,  2576854142,
1,  75,  37,  10,  251.22,  42.3508,  80258952,  2576854142,
2,  2,  2,  10,  2289.81,  2289.81,  2546111,  2576854142,
2,  2,  2,  10,  269.872,  269.872,  2425036,  2576854142,
2,  3,  3,  10,  256.047,  256.047,  3021002,  2576854142,
2,  3,  3,  10,  254.259,  254.259,  3061961,  2576854142,
2,  4,  4,  10,  224.559,  224.559,  3610961,  2576854142,
2,  4,  4,  10,  225.245,  225.245,  3693328,  2576854142,
2,  5,  5,  10,  295.037,  295.037,  4275427,  2576854142,
2,  5,  5,  10,  294.438,  294.438,  4086780,  2576854142,
2,  6,  6,  10,  262.801,  262.801,  4965975,  2576854142,
2,  6,  6,  10,  263.214,  263.214,  5016910,  2576854142,
2,  7,  7,  10,  313.405,  313.405,  5506838,  2576854142,
2,  7,  7,  10,  313.723,  313.723,  5376244,  2576854142,
2,  8,  8,  10,  285.079,  285.079,  6175264,  2576854142,
2,  8,  8,  10,  283.599,  283.599,  6020020,  2576854142,
2,  9,  9,  10,  322.791,  322.791,  6363749,  2576854142,
2,  9,  9,  10,  323.729,  323.729,  6827213,  2576854142,
2,  10,  10,  10,  297.715,  297.715,  7672448,  2576854142,
2,  10,  10,  10,  298.163,  298.163,  7452963,  2576854142,
2,  11,  11,  10,  329.827,  297.941,  8037272,  2576854142,
2,  11,  11,  10,  330.317,  297.92,  8618229,  2576854142,
2,  12,  12,  10,  308.332,  247.347,  8603198,  2576854142,
2,  12,  12,  10,  308.077,  246.865,  8661002,  2576854142,
2,  13,  13,  10,  335.064,  247.7,  9522811,  2576854142,
2,  13,  13,  10,  335.041,  247.572,  8858587,  2576854142,
2,  14,  14,  10,  314.562,  208.115,  10304899,  2576854142,
2,  14,  14,  10,  315.004,  207.726,  9342391,  2576854142,
2,  15,  15,  10,  339.035,  209.772,  9999593,  2576854142,
2,  15,  15,  10,  337.179,  208.956,  9400539,  2576854142,
2,  16,  16,  10,  320.033,  177.82,  10321083,  2576854142,
2,  16,  16,  10,  320,  177.712,  10317330,  2576854142,
2,  17,  17,  10,  340.962,  179.19,  10796795,  2576854142,
2,  17,  17,  10,  341.225,  180.042,  11223620,  2576854142,
2,  18,  18,  10,  324.699,  154.243,  11613774,  2576854142,
2,  18,  18,  10,  324.785,  153.558,  11934720,  2576854142,
2,  19,  19,  10,  343.231,  154.946,  12665637,  2576854142,
2,  19,  19,  10,  342.659,  155.852,  12349686,  2576854142,
2,  20,  20,  10,  328.147,  133.722,  12611090,  2576854142,
2,  20,  20,  10,  327.722,  134.852,  12661496,  2576854142,
2,  21,  21,  10,  345.364,  136.058,  14816083,  2576854142,
2,  21,  21,  10,  344.613,  135.764,  13912279,  2576854142,
2,  22,  22,  10,  331.758,  119.075,  14246932,  2576854142,
2,  22,  22,  10,  330.849,  118.689,  14590135,  2576854142,
2,  23,  23,  10,  345.748,  120.677,  15285308,  2576854142,
2,  23,  23,  10,  345.914,  120.52,  15692262,  2576854142,
2,  24,  24,  10,  333.721,  106.279,  18378525,  2576854142,
2,  24,  24,  10,  333.41,  106.861,  16247748,  2576854142,
2,  25,  25,  10,  347.102,  107.759,  16305111,  2576854142,
2,  25,  25,  10,  347.256,  107.569,  18521903,  2576854142,
2,  26,  26,  10,  335.939,  96.1259,  17068313,  2576854142,
2,  26,  26,  10,  335.468,  96.0321,  16764643,  2576854142,
2,  27,  27,  10,  347.981,  96.3538,  17458551,  2576854142,
2,  27,  27,  10,  347.542,  97.2143,  17119344,  2576854142,
2,  28,  28,  10,  337.429,  87.6488,  18147778,  2576854142,
2,  28,  28,  10,  336.152,  86.0497,  19157052,  2576854142,
2,  29,  29,  10,  349.552,  87.9565,  18929276,  2576854142,
2,  29,  29,  10,  350.147,  88.2323,  19718673,  2576854142,
2,  30,  30,  10,  339.041,  79.2336,  19944620,  2576854142,
2,  30,  30,  10,  338.747,  78.008,  18774282,  2576854142,
2,  31,  31,  10,  349.381,  79.2704,  19304918,  2576854142,
2,  31,  31,  10,  349.796,  80.1236,  19144926,  2576854142,
2,  32,  32,  10,  340.025,  72.4828,  19613836,  2576854142,
2,  32,  32,  10,  340.025,  72.074,  19820713,  2576854142,
2,  33,  33,  10,  350.577,  72.8311,  20086864,  2576854142,
2,  33,  33,  10,  350.525,  73.0114,  20886794,  2576854142,
2,  34,  34,  10,  341.048,  66.8649,  24669436,  2576854142,
2,  34,  34,  10,  340.212,  66.0616,  20522373,  2576854142,
2,  35,  35,  10,  350.194,  66.6167,  21315664,  2576854142,
2,  35,  35,  10,  351.1,  66.8615,  20547470,  2576854142,
2,  36,  36,  10,  343.015,  61.4673,  21571985,  2576854142,
2,  36,  36,  10,  343.033,  61.0104,  21515526,  2576854142,
2,  37,  37,  10,  351.763,  62.9499,  22096048,  2576854142,
2,  37,  37,  10,  351.612,  62.4429,  22152626,  2576854142,
2,  38,  38,  10,  343.415,  58.0174,  22791469,  2576854142,
2,  38,  38,  10,  344.206,  57.4326,  22777841,  2576854142,
2,  39,  39,  10,  352.84,  58.1397,  23143145,  2576854142,
2,  39,  39,  10,  353.771,  58.1412,  23186586,  2576854142,
2,  40,  40,  10,  344.118,  52.5727,  23830537,  2576854142,
2,  40,  40,  10,  345.439,  52.923,  23820414,  2576854142,
2,  41,  41,  10,  352.859,  52.8575,  24310028,  2576854142,
2,  41,  41,  10,  352.368,  53.592,  24194265,  2576854142,
2,  42,  42,  10,  344.733,  50.7943,  24868380,  2576854142,
2,  42,  42,  10,  344.129,  50.0433,  24605681,  2576854142,
2,  43,  43,  10,  352.889,  51.0031,  24387726,  2576854142,
2,  43,  43,  10,  353.33,  50.5804,  25118635,  2576854142,
2,  44,  44,  10,  345.952,  45.8151,  27835537,  2576854142,
2,  44,  44,  10,  345.407,  47.2168,  30060549,  2576854142,
2,  45,  45,  10,  354.196,  47.7523,  30178579,  2576854142,
2,  45,  45,  10,  354.066,  47.3595,  31612344,  2576854142,
2,  46,  46,  10,  345.936,  43.401,  27649257,  2576854142,
2,  46,  46,  10,  346.366,  43.8734,  26975330,  2576854142,
2,  47,  47,  10,  353.562,  43.7214,  28646377,  2576854142,
2,  47,  47,  10,  353.453,  44.6413,  25855426,  2576854142,
2,  48,  48,  10,  346.574,  40.3301,  26948775,  2576854142,
2,  48,  48,  10,  347.763,  41.8737,  26978777,  2576854142,
2,  49,  49,  10,  354.247,  40.6205,  27533534,  2576854142,
2,  49,  49,  10,  353.174,  40.5097,  27673277,  2576854142,
2,  50,  50,  10,  348.939,  38.8359,  29361148,  2576854142,
2,  50,  50,  10,  347.249,  38.3464,  29481252,  2576854142,
2,  51,  51,  10,  354.41,  38.606,  29712440,  2576854142,
2,  51,  51,  10,  355.337,  38.0668,  29109370,  2576854142,
2,  52,  52,  10,  347.28,  37.0202,  29841132,  2576854142,
2,  52,  52,  10,  347.214,  36.2886,  29194935,  2576854142,
2,  53,  53,  10,  354.004,  37.6477,  30521366,  2576854142,
2,  53,  53,  10,  354.792,  37.1534,  29774177,  2576854142,
2,  54,  54,  10,  347.284,  34.5492,  30197017,  2576854142,
2,  54,  54,  10,  348.958,  34.9086,  32159773,  2576854142,
2,  55,  55,  10,  354.868,  33.9119,  30098578,  2576854142,
2,  55,  55,  10,  356.155,  34.6891,  29953235,  2576854142,
2,  56,  56,  10,  349.337,  34.0408,  35497346,  2576854142,
2,  56,  56,  10,  348.49,  33.0378,  36581142,  2576854142,
2,  57,  57,  10,  355.115,  32.4858,  36436496,  2576854142,
2,  57,  57,  10,  355.277,  33.5219,  32002127,  2576854142,
2,  58,  58,  10,  349.246,  31.1963,  32415399,  2576854142,
2,  58,  58,  10,  349.618,  31.7626,  31377061,  2576854142,
2,  59,  59,  10,  355.668,  31.4693,  31338810,  2576854142,
2,  59,  59,  10,  355.603,  32.0974,  31591364,  2576854142,
2,  60,  60,  10,  348.463,  29.9055,  32110221,  2576854142,
2,  60,  60,  10,  350.169,  29.089,  31931154,  2576854142,
2,  61,  61,  10,  355.76,  30.7719,  32404723,  2576854142,
2,  61,  61,  10,  354.748,  30.2198,  32407611,  2576854142,
2,  62,  62,  10,  349.745,  28.8302,  34523124,  2576854142,
2,  62,  62,  10,  351.045,  27.6575,  34032897,  2576854142,
2,  63,  63,  10,  356.8,  29.7859,  34374791,  2576854142,
2,  63,  63,  10,  356.089,  29.1613,  36641607,  2576854142,
2,  64,  64,  10,  350.513,  27.8084,  42151755,  2576854142,
2,  64,  64,  10,  349.297,  26.7619,  46930865,  2576854142,
2,  65,  65,  10,  355.366,  27.8587,  45958365,  2576854142,
2,  65,  65,  10,  354.849,  27.5916,  55932920,  2576854142,
2,  66,  66,  10,  350.874,  26.8168,  44451900,  2576854142,
2,  66,  66,  10,  350.699,  26.8539,  42873316,  2576854142,
2,  67,  67,  10,  356.641,  26.4985,  45757257,  2576854142,
2,  67,  67,  10,  356.569,  25.0149,  43801495,  2576854142,
2,  68,  68,  10,  351.201,  25.0158,  44067351,  2576854142,
2,  68,  68,  10,  350.794,  25.05,  43385376,  2576854142,
2,  69,  69,  10,  355.831,  25.5738,  45176562,  2576854142,
2,  69,  69,  10,  356.933,  26.099,  42893250,  2576854142,
2,  70,  70,  10,  351.89,  24.153,  42006328,  2576854142,
2,  70,  70,  10,  352.39,  24.6289,  41234985,  2576854142,
2,  71,  71,  10,  355.703,  24.6598,  43183006,  2576854142,
2,  71,  71,  10,  356.331,  24.1328,  41479800,  2576854142,
2,  72,  72,  10,  352.196,  23.4875,  42472474,  2576854142,
2,  72,  72,  10,  351.517,  23.716,  44026690,  2576854142,
2,  73,  73,  10,  356.944,  22.8646,  43280082,  2576854142,
2,  73,  73,  10,  356.698,  22.4748,  43243251,  2576854142,
2,  74,  74,  10,  352.086,  21.7351,  45473020,  2576854142,
2,  74,  74,  10,  351.307,  22.6806,  45510733,  2576854142,
2,  75,  75,  10,  356.401,  21.9816,  43967361,  2576854142,
2,  75,  75,  10,  356.543,  22.6905,  45872585,  2576854142,
4,  2,  4,  10,  306.25,  306.25,  2959606,  2576854142,
4,  2,  4,  10,  489.892,  489.892,  3037586,  2576854142,
4,  3,  6,  10,  376.333,  376.333,  4176166,  2576854142,
4,  3,  6,  10,  376.511,  376.511,  4268367,  2576854142,
4,  4,  8,  10,  336.319,  336.319,  4840715,  2576854142,
4,  4,  8,  10,  335.894,  335.894,  4810531,  2576854142,
4,  5,  10,  10,  423.15,  423.15,  5957690,  2576854142,
4,  5,  10,  10,  424.538,  424.538,  5935534,  2576854142,
4,  6,  12,  10,  380.885,  317.002,  6675196,  2576854142,
4,  6,  12,  10,  380.202,  316.519,  6769807,  2576854142,
4,  7,  14,  10,  446.803,  303.865,  8466071,  2576854142,
4,  7,  14,  10,  446.48,  303.824,  9547595,  2576854142,
4,  8,  16,  10,  408.443,  238.429,  8675793,  2576854142,
4,  8,  16,  10,  409.183,  238.688,  8734036,  2576854142,
4,  9,  18,  10,  460.112,  229.777,  9619044,  2576854142,
4,  9,  18,  10,  459.936,  228.193,  9886677,  2576854142,
4,  10,  20,  10,  425.44,  185.572,  10663652,  2576854142,
4,  10,  20,  10,  425.195,  185.719,  10458157,  2576854142,
4,  11,  22,  10,  468.908,  180.713,  11605783,  2576854142,
4,  11,  22,  10,  468.783,  181.182,  11792754,  2576854142,
4,  12,  24,  10,  438.016,  150.391,  12486948,  2576854142,
4,  12,  24,  10,  438.161,  150.286,  12712849,  2576854142,
4,  13,  26,  10,  475.01,  146.414,  14000625,  2576854142,
4,  13,  26,  10,  473.691,  147.522,  13513787,  2576854142,
4,  14,  28,  10,  447.437,  124.771,  14254124,  2576854142,
4,  14,  28,  10,  447.126,  124.497,  14325403,  2576854142,
4,  15,  30,  10,  480.03,  122.183,  16469545,  2576854142,
4,  15,  30,  10,  479.583,  121.912,  15881400,  2576854142,
4,  16,  32,  10,  454.688,  105.465,  16246456,  2576854142,
4,  16,  32,  10,  455.081,  106.365,  16252118,  2576854142,
4,  17,  34,  10,  483.307,  103.14,  17568746,  2576854142,
4,  17,  34,  10,  482.033,  103.069,  17601274,  2576854142,
4,  18,  36,  10,  459.755,  90.966,  19939089,  2576854142,
4,  18,  36,  10,  461.09,  90.8418,  17810019,  2576854142,
4,  19,  38,  10,  484.671,  89.256,  18631691,  2576854142,
4,  19,  38,  10,  485.377,  89.6423,  18538872,  2576854142,
4,  20,  40,  10,  464.563,  78.9392,  19171649,  2576854142,
4,  20,  40,  10,  464.961,  79.485,  24646058,  2576854142,
4,  21,  42,  10,  488.669,  77.393,  20231013,  2576854142,
4,  21,  42,  10,  487.724,  78.0021,  20305414,  2576854142,
4,  22,  44,  10,  469.08,  70.1626,  22152051,  2576854142,
4,  22,  44,  10,  467.732,  69.8139,  21631545,  2576854142,
4,  23,  46,  10,  489.402,  69.2892,  22571958,  2576854142,
4,  23,  46,  10,  488.823,  68.7619,  22361128,  2576854142,
4,  24,  48,  10,  472.29,  62.2623,  25398320,  2576854142,
4,  24,  48,  10,  471.76,  61.9639,  23075301,  2576854142,
4,  25,  50,  10,  491.601,  60.6955,  24282834,  2576854142,
4,  25,  50,  10,  490.551,  60.773,  24581135,  2576854142,
4,  26,  52,  10,  473.779,  55.3283,  25473779,  2576854142,
4,  26,  52,  10,  475.267,  55.642,  25379455,  2576854142,
4,  27,  54,  10,  493.302,  55.9663,  26280749,  2576854142,
4,  27,  54,  10,  494.063,  55.0077,  25751554,  2576854142,
4,  28,  56,  10,  476.913,  51.4271,  28036988,  2576854142,
4,  28,  56,  10,  476.711,  51.0875,  28022447,  2576854142,
4,  29,  58,  10,  494.92,  49.5473,  29153164,  2576854142,
4,  29,  58,  10,  494.589,  50.5889,  28921139,  2576854142,
4,  30,  60,  10,  479.51,  46.5434,  30262246,  2576854142,
4,  30,  60,  10,  479.696,  46.7823,  28430938,  2576854142,
4,  31,  62,  10,  494.874,  44.9256,  30653579,  2576854142,
4,  31,  62,  10,  494.368,  45.8108,  29462852,  2576854142,
4,  32,  64,  10,  481.84,  43.6156,  30299925,  2576854142,
4,  32,  64,  10,  481.522,  41.8891,  30215139,  2576854142,
4,  33,  66,  10,  495.943,  41.7998,  33418646,  2576854142,
4,  33,  66,  10,  496.039,  42.1553,  31770223,  2576854142,
4,  34,  68,  10,  483.192,  39.0338,  32551702,  2576854142,
4,  34,  68,  10,  481.832,  38.8498,  32530582,  2576854142,
4,  35,  70,  10,  497.437,  37.8915,  33823439,  2576854142,
4,  35,  70,  10,  497.458,  37.4774,  33945263,  2576854142,
4,  36,  72,  10,  485.169,  35.2175,  43263003,  2576854142,
4,  36,  72,  10,  484.444,  36.1876,  34357627,  2576854142,
4,  37,  74,  10,  497.656,  35.1639,  37838877,  2576854142,
4,  37,  74,  10,  497.709,  34.7235,  35504660,  2576854142,
4,  38,  76,  10,  486.19,  33.0339,  36318127,  2576854142,
4,  38,  76,  10,  486.053,  32.7213,  36055860,  2576854142,
4,  39,  78,  10,  498.274,  33.2939,  37472508,  2576854142,
4,  39,  78,  10,  499.214,  31.6319,  37163893,  2576854142,
4,  40,  80,  10,  487.387,  30.9527,  42449038,  2576854142,
4,  40,  80,  10,  486.795,  31.1607,  37782565,  2576854142,
4,  41,  82,  10,  499.496,  30.4208,  39455723,  2576854142,
4,  41,  82,  10,  500.371,  30.2025,  48655166,  2576854142,
4,  42,  84,  10,  487.388,  27.918,  39996397,  2576854142,
4,  42,  84,  10,  486.979,  27.0323,  40530799,  2576854142,
4,  43,  86,  10,  500.052,  28.8187,  41689730,  2576854142,
4,  43,  86,  10,  498.962,  27.9377,  42402924,  2576854142,
4,  44,  88,  10,  490.444,  25.9605,  42463533,  2576854142,
4,  44,  88,  10,  488.959,  26.6577,  43327651,  2576854142,
4,  45,  90,  10,  499.736,  27.1015,  44203361,  2576854142,
4,  45,  90,  10,  500.865,  27.0567,  43658368,  2576854142,
4,  46,  92,  10,  488.715,  24.8896,  44248578,  2576854142,
4,  46,  92,  10,  489.407,  25.1843,  45182659,  2576854142,
4,  47,  94,  10,  500.198,  25.492,  44193131,  2576854142,
4,  47,  94,  10,  500.477,  25.3805,  44125034,  2576854142,
4,  48,  96,  10,  490.787,  23.8724,  44681153,  2576854142,
4,  48,  96,  10,  490.942,  24.1221,  44862274,  2576854142,
4,  49,  98,  10,  501.071,  23.7884,  46902667,  2576854142,
4,  49,  98,  10,  500.488,  22.9417,  45635935,  2576854142,
4,  50,  100,  10,  491.248,  22.3604,  48307288,  2576854142,
4,  50,  100,  10,  491.705,  21.9084,  46920323,  2576854142,
4,  51,  102,  10,  501.542,  21.2135,  51414928,  2576854142,
4,  51,  102,  10,  501.192,  21.7883,  47258137,  2576854142,
4,  52,  104,  10,  492.42,  21.6986,  55342625,  2576854142,
4,  52,  104,  10,  492.228,  21.724,  57798100,  2576854142,
4,  53,  106,  10,  501.249,  20.85,  52162775,  2576854142,
4,  53,  106,  10,  501.487,  21.3425,  58933492,  2576854142,
4,  54,  108,  10,  492.561,  19.2066,  51104570,  2576854142,
4,  54,  108,  10,  492.54,  19.3998,  50515566,  2576854142,
4,  55,  110,  10,  502.224,  19.6781,  56340259,  2576854142,
4,  55,  110,  10,  501.515,  19.8066,  51187487,  2576854142,
4,  56,  112,  10,  492.906,  18.8563,  52747713,  2576854142,
4,  56,  112,  10,  492.791,  18.4947,  52280798,  2576854142,
4,  57,  114,  10,  502.242,  19.1374,  54268614,  2576854142,
4,  57,  114,  10,  502.639,  19.0727,  58177432,  2576854142,
4,  58,  116,  10,  493.619,  17.5713,  53393548,  2576854142,
4,  58,  116,  10,  495.228,  18.0715,  68094580,  2576854142,
4,  59,  118,  10,  502.601,  18.5726,  54128637,  2576854142,
4,  59,  118,  10,  502.775,  18.2777,  55105507,  2576854142,
4,  60,  120,  10,  494.882,  17.5183,  56570161,  2576854142,
4,  60,  120,  10,  494.914,  16.6534,  56466995,  2576854142,
4,  61,  122,  10,  503.595,  16.3337,  59271348,  2576854142,
4,  61,  122,  10,  503.727,  16.6725,  58307722,  2576854142,
4,  62,  124,  10,  494.744,  16.489,  58888396,  2576854142,
4,  62,  124,  10,  495.463,  16.6616,  58458253,  2576854142,
4,  63,  126,  10,  504.191,  16.5855,  59882026,  2576854142,
4,  63,  126,  10,  502.361,  16.7019,  59779312,  2576854142,
4,  64,  128,  10,  494.564,  15.0299,  60691331,  2576854142,
4,  64,  128,  10,  496.769,  15.3085,  61088724,  2576854142,
4,  65,  130,  10,  504.666,  15.3543,  62037429,  2576854142,
4,  65,  130,  10,  503.916,  15.3132,  68069312,  2576854142,
4,  66,  132,  10,  495.89,  15.8724,  60843737,  2576854142,
4,  66,  132,  10,  494.751,  15.4003,  63101984,  2576854142,
4,  67,  134,  10,  503.438,  15.1061,  62493150,  2576854142,
4,  67,  134,  10,  503.866,  15.0514,  63575012,  2576854142,
4,  68,  136,  10,  496.627,  15.1818,  67565026,  2576854142,
4,  68,  136,  10,  495.762,  13.7121,  64517810,  2576854142,
4,  69,  138,  10,  504.486,  14.1994,  64949732,  2576854142,
4,  69,  138,  10,  503.681,  14.8015,  69156494,  2576854142,
4,  70,  140,  10,  497.309,  13.6445,  66476801,  2576854142,
4,  70,  140,  10,  496.93,  13.6616,  65670687,  2576854142,
4,  71,  142,  10,  504.643,  13.4721,  66419713,  2576854142,
4,  71,  142,  10,  504.578,  13.6551,  67598594,  2576854142,
4,  72,  144,  10,  497.287,  13.1708,  81128986,  2576854142,
4,  72,  144,  10,  497.013,  12.6965,  75627683,  2576854142,
4,  73,  146,  10,  504.046,  14.4916,  68097530,  2576854142,
4,  73,  146,  10,  505.371,  13.4409,  69455767,  2576854142,
4,  74,  148,  10,  499.071,  12.677,  74129414,  2576854142,
4,  74,  148,  10,  496.677,  13.2691,  68870276,  2576854142,
4,  75,  150,  10,  503.561,  12.7766,  69846195,  2576854142,
4,  75,  150,  10,  503.681,  12.749,  69258670,  2576854142,
8,  2,  8,  10,  423.901,  423.901,  3211472,  2576854142,
8,  2,  8,  10,  391.182,  391.182,  2962680,  2576854142,
8,  3,  12,  10,  543.648,  479.522,  4029843,  2576854142,
8,  3,  12,  10,  541.938,  477.839,  4051490,  2576854142,
8,  4,  16,  10,  487.397,  308.011,  4728296,  2576854142,
8,  4,  16,  10,  487.003,  307.585,  4727611,  2576854142,
8,  5,  20,  10,  604.35,  292.231,  5816360,  2576854142,
8,  5,  20,  10,  605.543,  293.068,  5813094,  2576854142,
8,  6,  24,  10,  546.191,  209.986,  6510836,  2576854142,
8,  6,  24,  10,  546.088,  209.81,  7668117,  2576854142,
8,  7,  28,  10,  634.002,  200.817,  8107827,  2576854142,
8,  7,  28,  10,  633.384,  201.333,  7490569,  2576854142,
8,  8,  32,  10,  580.559,  155.011,  8205760,  2576854142,
8,  8,  32,  10,  582.359,  154.264,  8357588,  2576854142,
8,  9,  36,  10,  652.396,  149.452,  9868089,  2576854142,
8,  9,  36,  10,  651.644,  149.659,  9553639,  2576854142,
8,  10,  40,  10,  604.313,  120.483,  10913673,  2576854142,
8,  10,  40,  10,  603.928,  119.44,  9995812,  2576854142,
8,  11,  44,  10,  662.482,  116.104,  11287690,  2576854142,
8,  11,  44,  10,  663.896,  116.415,  11092911,  2576854142,
8,  12,  48,  10,  621.062,  97.2999,  12129882,  2576854142,
8,  12,  48,  10,  621.44,  96.3282,  11866951,  2576854142,
8,  13,  52,  10,  672.647,  94.1782,  13468080,  2576854142,
8,  13,  52,  10,  672.03,  94.2587,  13057252,  2576854142,
8,  14,  56,  10,  634.418,  79.7872,  14951479,  2576854142,
8,  14,  56,  10,  634.292,  79.4299,  13843582,  2576854142,
8,  15,  60,  10,  678.299,  79.131,  14801622,  2576854142,
8,  15,  60,  10,  677.616,  78.1774,  14771861,  2576854142,
8,  16,  64,  10,  643.933,  66.9988,  15861922,  2576854142,
8,  16,  64,  10,  643.488,  67.3283,  15603455,  2576854142,
8,  17,  68,  10,  682.981,  65.9915,  16689873,  2576854142,
8,  17,  68,  10,  683.216,  66.1039,  16553454,  2576854142,
8,  18,  72,  10,  651.902,  58.2342,  17280163,  2576854142,
8,  18,  72,  10,  651.553,  58.4859,  17192994,  2576854142,
8,  19,  76,  10,  687.981,  56.4571,  18375502,  2576854142,
8,  19,  76,  10,  687.403,  57.4731,  18089626,  2576854142,
8,  20,  80,  10,  657.25,  50.9468,  18859102,  2576854142,
8,  20,  80,  10,  657.587,  50.2501,  18662987,  2576854142,
8,  21,  84,  10,  690.555,  49.7632,  19816411,  2576854142,
8,  21,  84,  10,  690.213,  49.8477,  20444765,  2576854142,
8,  22,  88,  10,  662.544,  44.7451,  21621946,  2576854142,
8,  22,  88,  10,  663.372,  44.9864,  21788314,  2576854142,
8,  23,  92,  10,  693.041,  43.6847,  23984854,  2576854142,
8,  23,  92,  10,  693.491,  43.3908,  23371523,  2576854142,
8,  24,  96,  10,  667.421,  39.8006,  23890557,  2576854142,
8,  24,  96,  10,  668.212,  40.044,  24086171,  2576854142,
8,  25,  100,  10,  695.253,  39.4194,  24733646,  2576854142,
8,  25,  100,  10,  695.054,  38.7569,  25075185,  2576854142,
8,  26,  104,  10,  671.358,  36.2578,  25893299,  2576854142,
8,  26,  104,  10,  671.648,  35.8943,  26744547,  2576854142,
8,  27,  108,  10,  697.851,  34.9558,  27569488,  2576854142,
8,  27,  108,  10,  697.427,  35.6295,  27288719,  2576854142,
8,  28,  112,  10,  675.217,  32.1833,  27818685,  2576854142,
8,  28,  112,  10,  675.739,  32.2716,  27827455,  2576854142,
8,  29,  116,  10,  699.442,  31.1009,  28977089,  2576854142,
8,  29,  116,  10,  699.902,  31.4886,  29307727,  2576854142,
8,  30,  120,  10,  677.692,  29.7331,  29634606,  2576854142,
8,  30,  120,  10,  677.504,  28.7329,  30986415,  2576854142,
8,  31,  124,  10,  700.371,  29.3708,  31329519,  2576854142,
8,  31,  124,  10,  700.663,  28.6502,  30861737,  2576854142,
8,  32,  128,  10,  680.184,  26.637,  31631485,  2576854142,
8,  32,  128,  10,  680.502,  26.6333,  31693558,  2576854142,
8,  33,  132,  10,  702.002,  26.3181,  33415046,  2576854142,
8,  33,  132,  10,  701.205,  26.5189,  32957492,  2576854142,
8,  34,  136,  10,  682.866,  24.8033,  33571278,  2576854142,
8,  34,  136,  10,  682.614,  25.0876,  33923310,  2576854142,
8,  35,  140,  10,  702.891,  23.4427,  34449637,  2576854142,
8,  35,  140,  10,  702.389,  24.4204,  34136863,  2576854142,
8,  36,  144,  10,  683.8,  21.8566,  35997203,  2576854142,
8,  36,  144,  10,  685.457,  21.6434,  37808253,  2576854142,
8,  37,  148,  10,  703.94,  22.3773,  36129753,  2576854142,
8,  37,  148,  10,  704.248,  22.1357,  36317747,  2576854142,
8,  38,  152,  10,  686.018,  19.7371,  37426459,  2576854142,
8,  38,  152,  10,  687.436,  20.6719,  37662861,  2576854142,
8,  39,  156,  10,  703.914,  21.058,  39129124,  2576854142,
8,  39,  156,  10,  704.745,  20.6456,  38799218,  2576854142,
8,  40,  160,  10,  688.171,  19.6195,  39152906,  2576854142,
8,  40,  160,  10,  687.944,  18.7992,  39154251,  2576854142,
8,  41,  164,  10,  705.672,  19.3868,  41009234,  2576854142,
8,  41,  164,  10,  704.859,  19.1218,  41457010,  2576854142,
8,  42,  168,  10,  689.811,  18.8288,  41248274,  2576854142,
8,  42,  168,  10,  689.897,  18.4006,  42179856,  2576854142,
8,  43,  172,  10,  706.367,  18.469,  42317243,  2576854142,
8,  43,  172,  10,  705.581,  17.5935,  42199087,  2576854142,
8,  44,  176,  10,  691.527,  17.0624,  44210460,  2576854142,
8,  44,  176,  10,  691.975,  16.4022,  44871892,  2576854142,
8,  45,  180,  10,  707.713,  16.9274,  46400611,  2576854142,
8,  45,  180,  10,  706.911,  16.7467,  44759496,  2576854142,
8,  46,  184,  10,  691.826,  15.544,  47102988,  2576854142,
8,  46,  184,  10,  693.46,  16.1122,  47987280,  2576854142,
8,  47,  188,  10,  706.798,  14.904,  46156615,  2576854142,
8,  47,  188,  10,  707.46,  16.0579,  46396992,  2576854142,
8,  48,  192,  10,  693.39,  14.1237,  45796662,  2576854142,
8,  48,  192,  10,  694.304,  14.8553,  45466874,  2576854142,
8,  49,  196,  10,  706.984,  14.9012,  46744130,  2576854142,
8,  49,  196,  10,  707.924,  14.3891,  46656137,  2576854142,
8,  50,  200,  10,  694.71,  13.406,  47143992,  2576854142,
8,  50,  200,  10,  694.79,  14.0609,  47672457,  2576854142,
8,  51,  204,  10,  708.908,  14.1328,  48494343,  2576854142,
8,  51,  204,  10,  708.778,  13.3175,  48235899,  2576854142,
8,  52,  208,  10,  696.321,  13.2853,  49094449,  2576854142,
8,  52,  208,  10,  696.365,  13.0813,  49260809,  2576854142,
8,  53,  212,  10,  708.742,  12.587,  50995113,  2576854142,
8,  53,  212,  10,  709.684,  12.608,  50192235,  2576854142,
8,  54,  216,  10,  695.741,  12.7213,  50211778,  2576854142,
8,  54,  216,  10,  696.605,  12.4527,  50631043,  2576854142,
8,  55,  220,  10,  709.456,  12.1824,  53358404,  2576854142,
8,  55,  220,  10,  709.399,  12.8022,  52054079,  2576854142,
8,  56,  224,  10,  696.475,  12.0132,  52904808,  2576854142,
8,  56,  224,  10,  698.108,  11.6903,  53067026,  2576854142,
8,  57,  228,  10,  709.534,  10.9915,  56033483,  2576854142,
8,  57,  228,  10,  709.708,  11.5234,  53856043,  2576854142,
8,  58,  232,  10,  698.101,  10.6473,  53301986,  2576854142,
8,  58,  232,  10,  696.759,  10.8357,  54034136,  2576854142,
8,  59,  236,  10,  709.608,  11.9529,  55744180,  2576854142,
8,  59,  236,  10,  711.056,  10.7783,  55832082,  2576854142,
8,  60,  240,  10,  699.011,  10.0854,  59996093,  2576854142,
8,  60,  240,  10,  699.317,  10.6637,  56987322,  2576854142,
8,  61,  244,  10,  710.771,  10.4815,  58983604,  2576854142,
8,  61,  244,  10,  710.043,  9.81673,  57203594,  2576854142,
8,  62,  248,  10,  699.678,  8.89022,  60460233,  2576854142,
8,  62,  248,  10,  699.145,  9.71807,  62086565,  2576854142,
8,  63,  252,  10,  711.489,  9.59844,  58463218,  2576854142,
8,  63,  252,  10,  711.181,  9.79165,  59193477,  2576854142,
8,  64,  256,  10,  700.342,  9.33153,  59965881,  2576854142,
8,  64,  256,  10,  700.027,  9.93214,  64733152,  2576854142,
8,  65,  260,  10,  712.474,  8.7103,  66537363,  2576854142,
8,  65,  260,  10,  712.286,  9.30732,  66200043,  2576854142,
8,  66,  264,  10,  700.779,  8.52021,  63586610,  2576854142,
8,  66,  264,  10,  701.386,  8.26447,  62999882,  2576854142,
8,  67,  268,  10,  712.277,  8.82176,  64893182,  2576854142,
8,  67,  268,  10,  711.483,  8.18247,  64234381,  2576854142,
8,  68,  272,  10,  701.595,  8.41817,  64694336,  2576854142,
8,  68,  272,  10,  701.794,  8.90415,  71294774,  2576854142,
8,  69,  276,  10,  711.486,  8.43496,  64953173,  2576854142,
8,  69,  276,  10,  711.78,  9.43354,  64908971,  2576854142,
8,  70,  280,  10,  700.901,  7.62604,  65886723,  2576854142,
8,  70,  280,  10,  701.974,  8.94762,  66806238,  2576854142,
8,  71,  284,  10,  712.447,  7.26281,  65858843,  2576854142,
8,  71,  284,  10,  712.747,  7.5874,  67630327,  2576854142,
8,  72,  288,  10,  703.266,  7.43692,  67568928,  2576854142,
8,  72,  288,  10,  702.429,  7.81682,  70519519,  2576854142,
8,  73,  292,  10,  712.914,  7.91042,  71699913,  2576854142,
8,  73,  292,  10,  712.293,  6.44548,  68984461,  2576854142,
8,  74,  296,  10,  703.304,  8.15631,  68649343,  2576854142,
8,  74,  296,  10,  702.605,  7.37481,  69433626,  2576854142,
8,  75,  300,  10,  712.407,  8.07878,  71468704,  2576854142,
8,  75,  300,  10,  712.38,  7.0641,  74327509,  2576854142,
16,  2,  16,  10,  556.167,  438.269,  3068000,  2576854142,
16,  2,  16,  10,  562.702,  446.124,  3062983,  2576854142,
16,  3,  24,  10,  773.391,  376.302,  4415182,  2576854142,
16,  3,  24,  10,  774.433,  376.798,  4303243,  2576854142,
16,  4,  32,  10,  697.917,  255.864,  5062993,  2576854142,
16,  4,  32,  10,  698.1,  256.741,  5061703,  2576854142,
16,  5,  40,  10,  858.016,  235.652,  6282535,  2576854142,
16,  5,  40,  10,  857.936,  235.67,  6338053,  2576854142,
16,  6,  48,  10,  776.036,  176.267,  7071176,  2576854142,
16,  6,  48,  10,  776.684,  176.6,  7036796,  2576854142,
16,  7,  56,  10,  897.029,  164.371,  9431151,  2576854142,
16,  7,  56,  10,  898.262,  164.348,  8203039,  2576854142,
16,  8,  64,  10,  824.258,  131.07,  9183558,  2576854142,
16,  8,  64,  10,  823.655,  130.264,  9039651,  2576854142,
16,  9,  72,  10,  923.17,  123.725,  10353531,  2576854142,
16,  9,  72,  10,  922.276,  122.544,  10253850,  2576854142,
16,  10,  80,  10,  857.128,  102.05,  11159850,  2576854142,
16,  10,  80,  10,  856.972,  102.08,  11821503,  2576854142,
16,  11,  88,  10,  939.68,  97.1426,  12002600,  2576854142,
16,  11,  88,  10,  939.096,  97.7981,  12088308,  2576854142,
16,  12,  96,  10,  879.89,  80.8053,  12894212,  2576854142,
16,  12,  96,  10,  879.391,  81.9361,  12777688,  2576854142,
16,  13,  104,  10,  951.213,  79.3361,  15766177,  2576854142,
16,  13,  104,  10,  951.072,  78.5158,  14191894,  2576854142,
16,  14,  112,  10,  896.827,  68.1324,  14876237,  2576854142,
16,  14,  112,  10,  897.526,  68.0997,  14884089,  2576854142,
16,  15,  120,  10,  959.328,  64.973,  17230762,  2576854142,
16,  15,  120,  10,  959.324,  65.3853,  15912245,  2576854142,
16,  16,  128,  10,  911.219,  57.7438,  16638578,  2576854142,
16,  16,  128,  10,  910.161,  58.3094,  16666045,  2576854142,
16,  17,  136,  10,  966.044,  56.213,  18576798,  2576854142,
16,  17,  136,  10,  966.719,  55.95,  17902006,  2576854142,
16,  18,  144,  10,  922.201,  49.8566,  18606475,  2576854142,
16,  18,  144,  10,  921.997,  49.7087,  18396152,  2576854142,
16,  19,  152,  10,  972.043,  47.7174,  19833115,  2576854142,
16,  19,  152,  10,  971.504,  49.0475,  24146457,  2576854142,
16,  20,  160,  10,  930.91,  43.436,  20506543,  2576854142,
16,  20,  160,  10,  930.587,  42.3161,  20448141,  2576854142,
16,  21,  168,  10,  976.454,  41.9817,  21991357,  2576854142,
16,  21,  168,  10,  975.402,  42.2191,  22040633,  2576854142,
16,  22,  176,  10,  937.351,  37.6013,  22894509,  2576854142,
16,  22,  176,  10,  938.361,  37.6316,  22912004,  2576854142,
16,  23,  184,  10,  979.59,  37.0323,  24144103,  2576854142,
16,  23,  184,  10,  980.274,  36.9756,  24478791,  2576854142,
16,  24,  192,  10,  944.984,  33.8169,  24788946,  2576854142,
16,  24,  192,  10,  944.664,  33.0659,  26979531,  2576854142,
16,  25,  200,  10,  982.56,  32.7679,  30156171,  2576854142,
16,  25,  200,  10,  983.31,  32.6732,  27571991,  2576854142,
16,  26,  208,  10,  949.908,  29.0523,  30708280,  2576854142,
16,  26,  208,  10,  949.284,  29.7908,  30041738,  2576854142,
16,  27,  216,  10,  985.829,  29.9043,  29542250,  2576854142,
16,  27,  216,  10,  984.949,  29.9239,  29766240,  2576854142,
16,  28,  224,  10,  954.944,  26.5261,  29749148,  2576854142,
16,  28,  224,  10,  954.879,  27.5244,  29897676,  2576854142,
16,  29,  232,  10,  988.467,  26.5686,  34830034,  2576854142,
16,  29,  232,  10,  988.345,  26.4674,  30726858,  2576854142,
16,  30,  240,  10,  958.305,  24.3932,  31298606,  2576854142,
16,  30,  240,  10,  958.483,  24.9526,  31379271,  2576854142,
16,  31,  248,  10,  990.856,  24.1451,  32486764,  2576854142,
16,  31,  248,  10,  989.798,  24.0429,  32913018,  2576854142,
16,  32,  256,  10,  961.642,  21.7064,  33666497,  2576854142,
16,  32,  256,  10,  962.256,  22.0267,  33213570,  2576854142,
16,  33,  264,  10,  992.472,  22.27,  35261972,  2576854142,
16,  33,  264,  10,  991.938,  20.9365,  35037153,  2576854142,
16,  34,  272,  10,  965.556,  20.2213,  35160259,  2576854142,
16,  34,  272,  10,  964.739,  19.6428,  36370864,  2576854142,
16,  35,  280,  10,  993.308,  20.339,  36636004,  2576854142,
16,  35,  280,  10,  993.6,  20.5995,  35789716,  2576854142,
16,  36,  288,  10,  968.364,  18.8317,  40043455,  2576854142,
16,  36,  288,  10,  968.344,  17.7408,  36863042,  2576854142,
16,  37,  296,  10,  994.093,  18.2973,  41080297,  2576854142,
16,  37,  296,  10,  994.039,  18.638,  40213984,  2576854142,
16,  38,  304,  10,  970.633,  16.1949,  39269635,  2576854142,
16,  38,  304,  10,  970.8,  16.5812,  41317984,  2576854142,
16,  39,  312,  10,  996.122,  16.4334,  40501510,  2576854142,
16,  39,  312,  10,  995.514,  16.7387,  39891945,  2576854142,
16,  40,  320,  10,  973.309,  15.9614,  41209137,  2576854142,
16,  40,  320,  10,  973.464,  15.5225,  41313539,  2576854142,
16,  41,  328,  10,  997.572,  16.1376,  41625222,  2576854142,
16,  41,  328,  10,  997.264,  15.0099,  41787985,  2576854142,
16,  42,  336,  10,  974.433,  14.5089,  42156582,  2576854142,
16,  42,  336,  10,  975.133,  13.9881,  44427494,  2576854142,
16,  43,  344,  10,  998.695,  13.597,  43977036,  2576854142,
16,  43,  344,  10,  999.049,  14.2473,  43933130,  2576854142,
16,  44,  352,  10,  976.763,  12.9545,  44564635,  2576854142,
16,  44,  352,  10,  977.898,  12.4203,  45389452,  2576854142,
16,  45,  360,  10,  999.213,  13.1204,  46718657,  2576854142,
16,  45,  360,  10,  999.239,  12.9571,  46770435,  2576854142,
16,  46,  368,  10,  979.278,  12.4902,  46840740,  2576854142,
16,  46,  368,  10,  979.288,  12.9444,  46624410,  2576854142,
16,  47,  376,  10,  1001.39,  12.0531,  48390097,  2576854142,
16,  47,  376,  10,  1000.12,  11.8382,  56549696,  2576854142,
16,  48,  384,  10,  979.367,  10.9209,  52237602,  2576854142,
16,  48,  384,  10,  979.906,  11.4331,  50405590,  2576854142,
16,  49,  392,  10,  1000.33,  11.0084,  51926734,  2576854142,
16,  49,  392,  10,  999.939,  11.8283,  51691270,  2576854142,
16,  50,  400,  10,  980.826,  10.0985,  52559288,  2576854142,
16,  50,  400,  10,  981.71,  10.2431,  52350363,  2576854142,
16,  51,  408,  10,  1000.57,  10.3954,  53697117,  2576854142,
16,  51,  408,  10,  1002,  9.87758,  52355398,  2576854142,
16,  52,  416,  10,  983.044,  9.81778,  53743915,  2576854142,
16,  52,  416,  10,  983.623,  9.89739,  52158856,  2576854142,
16,  53,  424,  10,  1001.77,  9.75777,  53885138,  2576854142,
16,  53,  424,  10,  1001.88,  10.014,  53861342,  2576854142,
16,  54,  432,  10,  984.36,  9.11634,  54482130,  2576854142,
16,  54,  432,  10,  983.98,  9.19016,  59956226,  2576854142,
16,  55,  440,  10,  1003.24,  8.6513,  56880346,  2576854142,
16,  55,  440,  10,  1002.74,  9.45561,  55917375,  2576854142,
16,  56,  448,  10,  985.761,  9.17602,  62610085,  2576854142,
16,  56,  448,  10,  984.697,  8.12994,  56064146,  2576854142,
16,  57,  456,  10,  1003.68,  8.32855,  62367199,  2576854142,
16,  57,  456,  10,  1003.04,  8.74573,  57419006,  2576854142,
16,  58,  464,  10,  985.908,  7.61515,  60231795,  2576854142,
16,  58,  464,  10,  986.483,  8.45909,  58081840,  2576854142,
16,  59,  472,  10,  1002.78,  7.47052,  62186626,  2576854142,
16,  59,  472,  10,  1003.76,  7.47627,  61761956,  2576854142,
16,  60,  480,  10,  987.994,  7.14238,  60797518,  2576854142,
16,  60,  480,  10,  986.75,  7.17908,  61244169,  2576854142,
16,  61,  488,  10,  1003.87,  7.06972,  60987201,  2576854142,
16,  61,  488,  10,  1004.38,  7.50542,  60854498,  2576854142,
16,  62,  496,  10,  989.118,  6.75683,  63037675,  2576854142,
16,  62,  496,  10,  988.036,  6.26777,  65742749,  2576854142,
16,  63,  504,  10,  1004.81,  6.99191,  65089210,  2576854142,
16,  63,  504,  10,  1004.13,  6.27052,  65647260,  2576854142,
16,  64,  512,  10,  988.963,  6.9888,  65876457,  2576854142,
16,  64,  512,  10,  988.963,  6.9888,  65876457,  2576854142,
16,  64,  512,  10,  988.963,  6.9888,  65876457,  2576854142,
16,  64,  512,  10,  988.963,  6.9888,  65876457,  2576854142,
16,  64,  512,  10,  988.963,  6.9888,  65876457,  2576854142,
16,  64,  512,  10,  988.963,  6.9888,  65876457,  2576854142,
16,  64,  512,  10,  988.963,  6.9888,  65876457,  2576854142,
16,  64,  512,  10,  988.963,  6.9888,  65876457,  2576854142,
16,  64,  512,  10,  988.963,  6.9888,  65876457,  2576854142,
16,  64,  512,  10,  988.963,  6.9888,  65876457,  2576854142,
16,  64,  512,  10,  988.963,  6.9888,  65876457,  2576854142,
16,  64,  512,  10,  988.963,  6.9888,  65876457,  2576854142,
16,  64,  512,  10,  988.963,  6.9888,  65876457,  2576854142,
16,  64,  512,  10,  988.963,  6.9888,  65876457,  2576854142,
16,  64,  512,  10,  988.963,  6.9888,  65876457,  2576854142,
16,  64,  512,  10,  988.963,  6.9888,  65876457,  2576854142,
16,  64,  512,  10,  988.963,  6.9888,  65876457,  2576854142,
16,  64,  512,  10,  988.963,  6.9888,  65876457,  2576854142,
16,  64,  512,  10,  988.963,  6.9888,  65876457,  2576854142,
16,  64,  512,  10,  988.963,  6.9888,  65876457,  2576854142,
16,  64,  512,  10,  988.963,  6.9888,  65876457,  2576854142,
16,  64,  512,  10,  988.963,  6.9888,  65876457,  2576854142,
16,  64,  512,  10,  988.963,  6.9888,  65876457,  2576854142,
16,  64,  512,  10,  988.963,  6.9888,  65876457,  2576854142,
32,  2,  32,  10,  783.395,  426.835,  4329023,  2721398723,
32,  2,  32,  10,  784.657,  427.9,  3957459,  2721398723,
32,  3,  48,  10,  1099.26,  312.914,  5144514,  2721398723,
32,  3,  48,  10,  1098.94,  312.41,  5060646,  2721398723,
32,  4,  64,  10,  991.738,  255.038,  6000841,  2721398723,
32,  4,  64,  10,  991.777,  255.906,  6017736,  2721398723,
32,  5,  80,  10,  1214.22,  207.935,  7212488,  2721398723,
32,  5,  80,  10,  1214.27,  207.938,  8518461,  2721398723,
32,  6,  96,  10,  1101.3,  175.834,  8458685,  2721398723,
32,  6,  96,  10,  1101.36,  176.144,  8405450,  2721398723,
32,  7,  112,  10,  1271.21,  149.515,  9531654,  2721398723,
32,  7,  112,  10,  1271.81,  149.754,  9512384,  2721398723,
32,  8,  128,  10,  1167.25,  129.39,  10590046,  2721398723,
32,  8,  128,  10,  1168.19,  129.892,  10566030,  2721398723,
32,  9,  144,  10,  1305.28,  114.171,  11728090,  2721398723,
32,  9,  144,  10,  1305.31,  114.303,  12120821,  2721398723,
32,  10,  160,  10,  1212.12,  101.19,  12486975,  2721398723,
32,  10,  160,  10,  1211.41,  100.656,  12635866,  2721398723,
32,  11,  176,  10,  1327.35,  90.5849,  13835411,  2721398723,
32,  11,  176,  10,  1328.49,  90.5729,  14542182,  2721398723,
32,  12,  192,  10,  1245.07,  79.8735,  15186254,  2721398723,
32,  12,  192,  10,  1244.13,  81.1067,  15267038,  2721398723,
32,  13,  208,  10,  1343.89,  74.5935,  16672141,  2721398723,
32,  13,  208,  10,  1343.8,  74.8015,  15951783,  2721398723,
32,  14,  224,  10,  1268.82,  66.8039,  17871689,  2721398723,
32,  14,  224,  10,  1269.17,  67.5355,  17500309,  2721398723,
32,  15,  240,  10,  1356.65,  63.1413,  17969944,  2721398723,
32,  15,  240,  10,  1355.77,  63.3436,  18513556,  2721398723,
32,  16,  256,  10,  1287.42,  56.0782,  19351899,  2721398723,
32,  16,  256,  10,  1287.1,  55.8748,  19395650,  2721398723,
32,  17,  272,  10,  1366.46,  53.8892,  20477577,  2721398723,
32,  17,  272,  10,  1366.28,  53.5706,  20449784,  2721398723,
32,  18,  288,  10,  1302.48,  48.4928,  22614662,  2721398723,
32,  18,  288,  10,  1302.39,  47.6499,  21425644,  2721398723,
32,  19,  304,  10,  1373.28,  46.2438,  23148066,  2721398723,
32,  19,  304,  10,  1373.46,  46.3552,  22556502,  2721398723,
32,  20,  320,  10,  1314.71,  41.3359,  24777862,  2721398723,
32,  20,  320,  10,  1314.8,  42.1702,  24914547,  2721398723,
32,  21,  336,  10,  1379.05,  40.0661,  27415172,  2721398723,
32,  21,  336,  10,  1379.72,  40.0108,  30186808,  2721398723,
32,  22,  352,  10,  1325.31,  35.518,  29486991,  2721398723,
32,  22,  352,  10,  1325.23,  35.9307,  27058739,  2721398723,
32,  23,  368,  10,  1384.8,  35.3805,  27078427,  2721398723,
32,  23,  368,  10,  1384.8,  34.8808,  27316424,  2721398723,
32,  24,  384,  10,  1334.77,  31.4607,  27942587,  2721398723,
32,  24,  384,  10,  1333.84,  32.6545,  28071786,  2721398723,
32,  25,  400,  10,  1388.66,  30.6093,  29307989,  2721398723,
32,  25,  400,  10,  1389.64,  30.4054,  29383037,  2721398723,
32,  26,  416,  10,  1341.8,  27.3428,  30762127,  2721398723,
32,  26,  416,  10,  1341.67,  27.9381,  30738013,  2721398723,
32,  27,  432,  10,  1392.71,  28.2216,  32370450,  2721398723,
32,  27,  432,  10,  1394.07,  27.4473,  31496568,  2721398723,
32,  28,  448,  10,  1348.07,  25.0669,  32894572,  2721398723,
32,  28,  448,  10,  1348.86,  24.5398,  32477781,  2721398723,
32,  29,  464,  10,  1395.01,  24.9306,  35178363,  2721398723,
32,  29,  464,  10,  1396.28,  24.3303,  34044022,  2721398723,
32,  30,  480,  10,  1353.58,  22.3714,  35160285,  2721398723,
32,  30,  480,  10,  1354.01,  22.3205,  35162204,  2721398723,
32,  31,  496,  10,  1398.33,  22.6217,  36714611,  2721398723,
32,  31,  496,  10,  1398.25,  22.3575,  37781374,  2721398723,
32,  32,  512,  10,  1358.45,  19.2088,  39867982,  2721398723,
32,  32,  512,  10,  1359.58,  20.2699,  37152601,  2721398723,
32,  33,  528,  10,  1401.28,  19.747,  38621450,  2721398723,
32,  33,  528,  10,  1401.64,  20.11,  39020262,  2721398723,
32,  34,  544,  10,  1362.68,  17.7981,  39942482,  2721398723,
32,  34,  544,  10,  1362.41,  17.9813,  39796207,  2721398723,
32,  35,  560,  10,  1402.95,  17.6107,  41798909,  2721398723,
32,  35,  560,  10,  1402.18,  17.4801,  40503701,  2721398723,
32,  36,  576,  10,  1366.73,  15.8817,  40844069,  2721398723,
32,  36,  576,  10,  1366.79,  16.29,  41904062,  2721398723,
32,  37,  592,  10,  1403.69,  16.2505,  42306551,  2721398723,
32,  37,  592,  10,  1404.32,  15.7159,  42536721,  2721398723,
32,  38,  608,  10,  1370.17,  14.2686,  42941993,  2721398723,
32,  38,  608,  10,  1369.69,  14.7015,  42754923,  2721398723,
32,  39,  624,  10,  1406.88,  14.472,  42697369,  2721398723,
32,  39,  624,  10,  1405.35,  14.7828,  42893720,  2721398723,
32,  40,  640,  10,  1373.78,  13.1199,  44912608,  2721398723,
32,  40,  640,  10,  1374.71,  13.5735,  43990717,  2721398723,
32,  41,  656,  10,  1406.95,  12.7801,  45842362,  2721398723,
32,  41,  656,  10,  1408.08,  12.9291,  47612617,  2721398723,
32,  42,  672,  10,  1376.76,  12.0314,  46286069,  2721398723,
32,  42,  672,  10,  1376.61,  11.701,  47085937,  2721398723,
32,  43,  688,  10,  1409.42,  11.7781,  48196108,  2721398723,
32,  43,  688,  10,  1409.32,  11.9441,  48562320,  2721398723,
32,  44,  704,  10,  1378.33,  11.4627,  49482519,  2721398723,
32,  44,  704,  10,  1378.82,  10.4127,  49138516,  2721398723,
32,  45,  720,  10,  1410.31,  10.5396,  50075598,  2721398723,
32,  45,  720,  10,  1410.38,  10.5439,  49745997,  2721398723,
32,  46,  736,  10,  1381.7,  9.60846,  52822956,  2721398723,
32,  46,  736,  10,  1381.09,  10.0308,  51248644,  2721398723,
32,  47,  752,  10,  1411.4,  9.78065,  52713074,  2721398723,
32,  47,  752,  10,  1411.77,  9.88945,  55492417,  2721398723,
32,  48,  768,  10,  1383.83,  9.40277,  61880235,  2721398723,
32,  48,  768,  10,  1382.88,  8.62431,  55799213,  2721398723,
32,  49,  784,  10,  1412.11,  8.88793,  54810648,  2721398723,
32,  49,  784,  10,  1412.71,  8.68396,  53249525,  2721398723,
32,  50,  800,  10,  1385.2,  7.82696,  54825608,  2721398723,
32,  50,  800,  10,  1385.85,  8.0073,  54740454,  2721398723,
32,  51,  816,  10,  1411.88,  8.12708,  57187725,  2721398723,
32,  51,  816,  10,  1413.05,  7.9756,  62839162,  2721398723,
32,  52,  832,  10,  1387.19,  7.362,  59930674,  2721398723,
32,  52,  832,  10,  1386.9,  7.28233,  59081276,  2721398723,
32,  53,  848,  10,  1414.61,  7.24154,  61460508,  2721398723,
32,  53,  848,  10,  1414.67,  7.2562,  60849180,  2721398723,
32,  54,  864,  10,  1388.98,  6.59429,  60549921,  2721398723,
32,  54,  864,  10,  1389.6,  5.91643,  61419495,  2721398723,
32,  55,  880,  10,  1415.04,  6.32695,  62299345,  2721398723,
32,  55,  880,  10,  1415.22,  6.65785,  62711347,  2721398723,
32,  56,  896,  10,  1389.58,  5.93216,  62620715,  2721398723,
32,  56,  896,  10,  1389.24,  6.47128,  62326409,  2721398723,
32,  57,  912,  10,  1414.46,  5.39432,  66405538,  2721398723,
32,  57,  912,  10,  1415.35,  5.53569,  64157358,  2721398723,
32,  58,  928,  10,  1391.34,  5.08112,  65242258,  2721398723,
32,  58,  928,  10,  1391.93,  5.70493,  64415864,  2721398723,
32,  59,  944,  10,  1415.07,  5.19393,  73132347,  2721398723,
32,  59,  944,  10,  1416.36,  4.68113,  66292867,  2721398723,
32,  60,  960,  10,  1393.25,  4.71249,  68372041,  2721398723,
32,  60,  960,  10,  1393.36,  4.62806,  71969301,  2721398723,
32,  61,  976,  10,  1416.67,  4.61608,  67859543,  2721398723,
32,  61,  976,  10,  1415.83,  5.16144,  81280395,  2721398723,
32,  62,  992,  10,  1394.19,  4.16188,  75131211,  2721398723,
32,  62,  992,  10,  1394.75,  4.13476,  73067222,  2721398723,
32,  63,  1008,  10,  1416.63,  4.1861,  69423126,  2721398723,
32,  63,  1008,  10,  1415.5,  4.50988,  68707403,  2721398723,
32,  64,  1024,  10,  1395.37,  3.69206,  68393360,  2721398723,
32,  64,  1024,  10,  1395.45,  3.55278,  69341603,  2721398723,
32,  65,  1040,  10,  1417.03,  3.85564,  70187614,  2721398723,
32,  65,  1040,  10,  1417.14,  3.55504,  69582912,  2721398723,
32,  66,  1056,  10,  1395.62,  3.10447,  71282507,  2721398723,
32,  66,  1056,  10,  1396.46,  3.10234,  72882550,  2721398723,
32,  67,  1072,  10,  1417.67,  3.22102,  73798286,  2721398723,
32,  67,  1072,  10,  1416.97,  3.92835,  73728065,  2721398723,
32,  68,  1088,  10,  1398.34,  2.92439,  73603909,  2721398723,
32,  68,  1088,  10,  1397.24,  3.11943,  73392964,  2721398723,
32,  69,  1104,  10,  1418.5,  2.8462,  74270989,  2721398723,
32,  69,  1104,  10,  1418.02,  2.43594,  74493964,  2721398723,
32,  70,  1120,  10,  1398.3,  2.6002,  82591763,  2721398723,
32,  70,  1120,  10,  1397.94,  2.90339,  75412569,  2721398723,
32,  71,  1136,  10,  1418.59,  2.43568,  73961415,  2721398723,
32,  71,  1136,  10,  1418.66,  2.25486,  78109345,  2721398723,
32,  72,  1152,  10,  1399.81,  2.09836,  74201649,  2721398723,
32,  72,  1152,  10,  1399.2,  1.92159,  75695275,  2721398723,
32,  73,  1168,  10,  1418.67,  2.2962,  77459014,  2721398723,
32,  73,  1168,  10,  1418.31,  2.1814,  76105317,  2721398723,
32,  74,  1184,  10,  1399.87,  2.02732,  80081427,  2721398723,
32,  74,  1184,  10,  1400.39,  1.81726,  79691262,  2721398723,
32,  75,  1200,  10,  1419.36,  1.97707,  79080113,  2721398723,
32,  75,  1200,  10,  1418.52,  2.19747,  79992822,  2721398723,
64,  2,  64,  10,  1112.94,  424.084,  5063221,  2721398723,
64,  2,  64,  10,  1112.02,  422.965,  4334989,  2721398723,
64,  3,  96,  10,  1558.56,  312.694,  5327391,  2721398723,
64,  3,  96,  10,  1557.96,  311.773,  5207961,  2721398723,
64,  4,  128,  10,  1406.76,  254.696,  6327472,  2721398723,
64,  4,  128,  10,  1405.87,  254.623,  6224042,  2721398723,
64,  5,  160,  10,  1718.73,  206.399,  7576585,  2721398723,
64,  5,  160,  10,  1718.87,  206.652,  7471115,  2721398723,
64,  6,  192,  10,  1557.8,  174.377,  8861073,  2721398723,
64,  6,  192,  10,  1558.68,  174.092,  8569492,  2721398723,
64,  7,  224,  10,  1798.44,  149.33,  9752932,  2721398723,
64,  7,  224,  10,  1798.05,  148.152,  9739062,  2721398723,
64,  8,  256,  10,  1650.24,  128.346,  10808774,  2721398723,
64,  8,  256,  10,  1651.65,  128.71,  11495620,  2721398723,
64,  9,  288,  10,  1844.85,  113.548,  12642374,  2721398723,
64,  9,  288,  10,  1844.82,  113.581,  12226005,  2721398723,
64,  10,  320,  10,  1713.5,  99.2938,  13356772,  2721398723,
64,  10,  320,  10,  1713.71,  99.5916,  13507036,  2721398723,
64,  11,  352,  10,  1876.74,  90.1723,  14476429,  2721398723,
64,  11,  352,  10,  1876.3,  90.3159,  14574836,  2721398723,
64,  12,  384,  10,  1759.28,  78.8623,  15545620,  2721398723,
64,  12,  384,  10,  1759.07,  79.3188,  15813102,  2721398723,
64,  13,  416,  10,  1899.03,  74.3706,  17672678,  2721398723,
64,  13,  416,  10,  1899.57,  72.833,  17802067,  2721398723,
64,  14,  448,  10,  1792.13,  65.2459,  20421781,  2721398723,
64,  14,  448,  10,  1792.28,  64.7987,  19904579,  2721398723,
64,  15,  480,  10,  1915.15,  62.1625,  19497316,  2721398723,
64,  15,  480,  10,  1915.24,  61.3172,  19401286,  2721398723,
64,  16,  512,  10,  1818.63,  54.2054,  20960354,  2721398723,
64,  16,  512,  10,  1818.5,  53.8498,  20926900,  2721398723,
64,  17,  544,  10,  1928.9,  52.8006,  22630726,  2721398723,
64,  17,  544,  10,  1928.12,  52.2974,  22654931,  2721398723,
64,  18,  576,  10,  1838.42,  46.0138,  24240743,  2721398723,
64,  18,  576,  10,  1840.07,  45.5453,  23506629,  2721398723,
64,  19,  608,  10,  1940.04,  44.6616,  26502245,  2721398723,
64,  19,  608,  10,  1938.61,  43.6719,  24410261,  2721398723,
64,  20,  640,  10,  1856.04,  39.4856,  25369700,  2721398723,
64,  20,  640,  10,  1857.89,  38.7994,  25894813,  2721398723,
64,  21,  672,  10,  1946.9,  38.5833,  28973053,  2721398723,
64,  21,  672,  10,  1948.32,  38.4909,  27687089,  2721398723,
64,  22,  704,  10,  1871.23,  34.1628,  28527616,  2721398723,
64,  22,  704,  10,  1871.65,  33.7418,  28628987,  2721398723,
64,  23,  736,  10,  1954.24,  33.6994,  30321483,  2721398723,
64,  23,  736,  10,  1953.92,  33.2802,  29704594,  2721398723,
64,  24,  768,  10,  1882.21,  29.447,  30883242,  2721398723,
64,  24,  768,  10,  1883.04,  29.3916,  31436658,  2721398723,
64,  25,  800,  10,  1960.84,  28.2219,  33967655,  2721398723,
64,  25,  800,  10,  1959.26,  28.5532,  38251346,  2721398723,
64,  26,  832,  10,  1893.24,  25.9412,  33590893,  2721398723,
64,  26,  832,  10,  1894.29,  24.9217,  33337577,  2721398723,
64,  27,  864,  10,  1965.03,  25.021,  35878614,  2721398723,
64,  27,  864,  10,  1964.38,  25.1763,  35006614,  2721398723,
64,  28,  896,  10,  1902.46,  21.8453,  40704244,  2721398723,
64,  28,  896,  10,  1902.56,  22.587,  36136956,  2721398723,
64,  29,  928,  10,  1968.68,  21.732,  37728013,  2721398723,
64,  29,  928,  10,  1969.64,  22.0547,  37574572,  2721398723,
64,  30,  960,  10,  1908.71,  19.4788,  38373612,  2721398723,
64,  30,  960,  10,  1908.36,  19.1407,  39011858,  2721398723,
64,  31,  992,  10,  1972.66,  19.2834,  40115722,  2721398723,
64,  31,  992,  10,  1973.08,  19.2577,  39164546,  2721398723,
64,  32,  1024,  10,  1916.26,  17.3264,  40506911,  2721398723,
64,  32,  1024,  10,  1916.56,  16.8928,  40408276,  2721398723,
64,  33,  1056,  10,  1974.92,  16.5118,  41884504,  2721398723,
64,  33,  1056,  10,  1975.14,  16.6864,  41669589,  2721398723,
64,  34,  1088,  10,  1922.26,  14.9522,  42693308,  2721398723,
64,  34,  1088,  10,  1922.94,  15.8178,  42910682,  2721398723,
64,  35,  1120,  10,  1977.94,  14.8652,  43410118,  2721398723,
64,  35,  1120,  10,  1978.67,  14.9241,  46235502,  2721398723,
64,  36,  1152,  10,  1926.18,  12.731,  44520629,  2721398723,
64,  36,  1152,  10,  1926.47,  13.4204,  44518123,  2721398723,
64,  37,  1184,  10,  1980.29,  12.5045,  46582998,  2721398723,
64,  37,  1184,  10,  1980.79,  12.6984,  46908606,  2721398723,
64,  38,  1216,  10,  1931.27,  11.724,  47424695,  2721398723,
64,  38,  1216,  10,  1931.55,  11.9123,  46846256,  2721398723,
64,  39,  1248,  10,  1982.65,  11.3736,  48422677,  2721398723,
64,  39,  1248,  10,  1981.59,  11.0936,  49350090,  2721398723,
64,  40,  1280,  10,  1936.73,  10.0931,  49774677,  2721398723,
64,  40,  1280,  10,  1934.86,  9.93342,  53949682,  2721398723,
64,  41,  1312,  10,  1983.46,  9.53961,  52269484,  2721398723,
64,  41,  1312,  10,  1984.39,  9.67305,  51708722,  2721398723,
64,  42,  1344,  10,  1939.9,  8.41585,  53043387,  2721398723,
64,  42,  1344,  10,  1940.42,  8.16669,  53801691,  2721398723,
64,  43,  1376,  10,  1986.23,  8.7976,  54215688,  2721398723,
64,  43,  1376,  10,  1985.61,  7.83045,  53970943,  2721398723,
64,  44,  1408,  10,  1942.51,  7.39605,  55413385,  2721398723,
64,  44,  1408,  10,  1943.15,  7.21692,  55205990,  2721398723,
64,  45,  1440,  10,  1986.61,  7.03296,  56635043,  2721398723,
64,  45,  1440,  10,  1986.81,  7.33824,  57232107,  2721398723,
64,  46,  1472,  10,  1946.72,  6.42135,  57844374,  2721398723,
64,  46,  1472,  10,  1946.21,  5.86945,  57787593,  2721398723,
64,  47,  1504,  10,  1988.61,  6.07617,  59694443,  2721398723,
64,  47,  1504,  10,  1987.16,  6.81055,  61047349,  2721398723,
64,  48,  1536,  10,  1948.24,  5.34165,  59927055,  2721398723,
64,  48,  1536,  10,  1948.94,  5.32918,  68378330,  2721398723,
64,  49,  1568,  10,  1989.26,  5.057,  61777314,  2721398723,
64,  49,  1568,  10,  1988.57,  5.25472,  61796210,  2721398723,
64,  50,  1600,  10,  1951.62,  4.29966,  65357522,  2721398723,
64,  50,  1600,  10,  1952.02,  4.45885,  63803756,  2721398723,
64,  51,  1632,  10,  1989.13,  4.6551,  65319899,  2721398723,
64,  51,  1632,  10,  1990.71,  4.20114,  65263912,  2721398723,
64,  52,  1664,  10,  1953.14,  3.32891,  70264525,  2721398723,
64,  52,  1664,  10,  1953.16,  3.45853,  66909246,  2721398723,
64,  53,  1696,  10,  1990.38,  3.69261,  68724745,  2721398723,
64,  53,  1696,  10,  1990.23,  3.54706,  67562391,  2721398723,
64,  54,  1728,  10,  1955.82,  2.93341,  68738448,  2721398723,
64,  54,  1728,  10,  1954.95,  3.45219,  68272016,  2721398723,
64,  55,  1760,  10,  1990.69,  3.24149,  70793599,  2721398723,
64,  55,  1760,  10,  1991.22,  2.88666,  71366882,  2721398723,
64,  56,  1792,  10,  1957.6,  2.36553,  69582943,  2721398723,
64,  56,  1792,  10,  1956.82,  2.42418,  69813897,  2721398723,
64,  57,  1824,  10,  1991.03,  2.30586,  71998232,  2721398723,
64,  57,  1824,  10,  1992.1,  2.34793,  71999911,  2721398723,
64,  58,  1856,  10,  1958.37,  2.00288,  74244524,  2721398723,
64,  58,  1856,  10,  1959.24,  1.95216,  77018925,  2721398723,
64,  59,  1888,  10,  1992.74,  1.96614,  82092991,  2721398723,
64,  59,  1888,  10,  1991.96,  1.98542,  81564251,  2721398723,
64,  60,  1920,  10,  1960.06,  1.53842,  76822218,  2721398723,
64,  60,  1920,  10,  1960.17,  1.76728,  80941973,  2721398723,
64,  61,  1952,  10,  1992.63,  1.6827,  79876882,  2721398723,
64,  61,  1952,  10,  1993.11,  1.74664,  78233085,  2721398723,
64,  62,  1984,  10,  1961.82,  1.35904,  83297250,  2721398723,
64,  62,  1984,  10,  1961.63,  1.38079,  79087240,  2721398723,
64,  63,  2016,  10,  1993.71,  1.58401,  84908938,  2721398723,
64,  63,  2016,  10,  1992.88,  1.20345,  86096487,  2721398723,
64,  64,  2048,  10,  1962.17,  1.04166,  83045198,  2721398723,
64,  64,  2048,  10,  1963.25,  1.03475,  85174014,  2721398723,
64,  65,  2080,  10,  1992.5,  1.06125,  83975901,  2721398723,
64,  65,  2080,  10,  1994.67,  1.03556,  84572644,  2721398723,
64,  66,  2112,  10,  1964.07,  0.770317,  86760486,  2721398723,
64,  66,  2112,  10,  1963.9,  0.869246,  93279738,  2721398723,
64,  67,  2144,  10,  1993.4,  0.852221,  91433237,  2721398723,
64,  67,  2144,  10,  1993.83,  0.797984,  92144418,  2721398723,
64,  68,  2176,  10,  1966.37,  0.65607,  93767659,  2721398723,
64,  68,  2176,  10,  1964.34,  0.666526,  93593541,  2721398723,
64,  69,  2208,  10,  1993.8,  0.640078,  99291748,  2721398723,
64,  69,  2208,  10,  1993.19,  0.688786,  89101095,  2721398723,
64,  70,  2240,  10,  1965.25,  0.523148,  93467986,  2721398723,
64,  70,  2240,  10,  1965.62,  0.468946,  92040223,  2721398723,
64,  71,  2272,  10,  1993.38,  0.462224,  91377797,  2721398723,
64,  71,  2272,  10,  1995.23,  0.552677,  92025905,  2721398723,
64,  72,  2304,  10,  1966.25,  0.438163,  95501728,  2721398723,
64,  72,  2304,  10,  1966.82,  0.381944,  99041774,  2721398723,
64,  73,  2336,  10,  1994.83,  0.396041,  94686299,  2721398723,
64,  73,  2336,  10,  1994.31,  0.427455,  94118709,  2721398723,
64,  74,  2368,  10,  1967.18,  0.352977,  95309387,  2721398723,
64,  74,  2368,  10,  1967.82,  0.312644,  95142858,  2721398723,
64,  75,  2400,  10,  1994.92,  0.304709,  96867068,  2721398723,
64,  75,  2400,  10,  1993.61,  0.325663,  97683599,  2721398723,
128,  2,  128,  10,  1577.77,  421.023,  5209714,  2721398723,
128,  2,  128,  10,  1576.83,  420.34,  5163710,  2721398723,
128,  3,  192,  10,  2204.46,  311.714,  6746044,  2721398723,
128,  3,  192,  10,  2203.56,  311.172,  6854711,  2721398723,
128,  4,  256,  10,  1989.49,  253.879,  9395130,  2721398723,
128,  4,  256,  10,  1989.52,  252.937,  8246143,  2721398723,
128,  5,  320,  10,  2429.69,  206.061,  9838869,  2721398723,
128,  5,  320,  10,  2428.91,  204.525,  9832748,  2721398723,
128,  6,  384,  10,  2202.4,  172.696,  11378910,  2721398723,
128,  6,  384,  10,  2200.97,  172.551,  11947544,  2721398723,
128,  7,  448,  10,  2540.64,  148.972,  13220565,  2721398723,
128,  7,  448,  10,  2539.11,  148.254,  13175164,  2721398723,
128,  8,  512,  10,  2331.38,  126.945,  14628181,  2721398723,
128,  8,  512,  10,  2331.05,  126.926,  18241141,  2721398723,
128,  9,  576,  10,  2605.39,  112.454,  18217018,  2721398723,
128,  9,  576,  10,  2605.9,  112.191,  19427110,  2721398723,
128,  10,  640,  10,  2418.56,  96.8265,  17786321,  2721398723,
128,  10,  640,  10,  2418.78,  96.5205,  17890400,  2721398723,
128,  11,  704,  10,  2649.93,  88.7058,  24009665,  2721398723,
128,  11,  704,  10,  2649.38,  89.5189,  19138726,  2721398723,
128,  12,  768,  10,  2481.31,  76.7772,  21327872,  2721398723,
128,  12,  768,  10,  2481.28,  77.183,  23485639,  2721398723,
128,  13,  832,  10,  2680.16,  72.238,  24393024,  2721398723,
128,  13,  832,  10,  2680.67,  72.3838,  28777591,  2721398723,
128,  14,  896,  10,  2528.37,  62.6126,  25074015,  2721398723,
128,  14,  896,  10,  2528.34,  62.5367,  27212794,  2721398723,
128,  15,  960,  10,  2702.94,  59.9864,  30206505,  2721398723,
128,  15,  960,  10,  2701.54,  59.4362,  26051789,  2721398723,
128,  16,  1024,  10,  2564.49,  51.664,  27491930,  2721398723,
128,  16,  1024,  10,  2564.81,  50.5945,  29611836,  2721398723,
128,  17,  1088,  10,  2719.54,  49.707,  28687504,  2721398723,
128,  17,  1088,  10,  2720.33,  50.2028,  29948694,  2721398723,
128,  18,  1152,  10,  2593.48,  43.1931,  30599617,  2721398723,
128,  18,  1152,  10,  2593.25,  42.8965,  37506835,  2721398723,
128,  19,  1216,  10,  2734.81,  41.2023,  31779173,  2721398723,
128,  19,  1216,  10,  2733.22,  41.1717,  32261471,  2721398723,
128,  20,  1280,  10,  2616.76,  35.3957,  33802457,  2721398723,
128,  20,  1280,  10,  2617.37,  35.5385,  33921424,  2721398723,
128,  21,  1344,  10,  2744.95,  35.1693,  35705350,  2721398723,
128,  21,  1344,  10,  2744.36,  34.8981,  37192162,  2721398723,
128,  22,  1408,  10,  2635.26,  29.0629,  39122638,  2721398723,
128,  22,  1408,  10,  2635.55,  29.7724,  47179895,  2721398723,
128,  23,  1472,  10,  2753.92,  29.082,  39682666,  2721398723,
128,  23,  1472,  10,  2752.9,  29.4761,  40748173,  2721398723,
128,  24,  1536,  10,  2650.57,  25.4847,  40573586,  2721398723,
128,  24,  1536,  10,  2651.8,  25.2239,  41278311,  2721398723,
128,  25,  1600,  10,  2760.65,  24.9079,  42250244,  2721398723,
128,  25,  1600,  10,  2759.37,  24.9924,  43755687,  2721398723,
128,  26,  1664,  10,  2665.11,  21.3531,  44086953,  2721398723,
128,  26,  1664,  10,  2664.5,  21.3228,  44401640,  2721398723,
128,  27,  1728,  10,  2766.2,  20.8375,  46410660,  2721398723,
128,  27,  1728,  10,  2765.91,  21.3167,  47283525,  2721398723,
128,  28,  1792,  10,  2676.58,  17.6527,  47803915,  2721398723,
128,  28,  1792,  10,  2677.13,  17.2448,  49883307,  2721398723,
128,  29,  1856,  10,  2771.62,  16.7518,  49699710,  2721398723,
128,  29,  1856,  10,  2771.13,  16.748,  49525527,  2721398723,
128,  30,  1920,  10,  2686.79,  14.471,  50776528,  2721398723,
128,  30,  1920,  10,  2688,  14.7279,  55094607,  2721398723,
128,  31,  1984,  10,  2775.08,  15.0662,  54920403,  2721398723,
128,  31,  1984,  10,  2774.63,  14.5093,  59498546,  2721398723,
128,  32,  2048,  10,  2695.5,  12.4092,  57646798,  2721398723,
128,  32,  2048,  10,  2695.77,  12.0284,  64741871,  2721398723,
128,  33,  2112,  10,  2778.25,  12.1859,  59574707,  2721398723,
128,  33,  2112,  10,  2778.76,  11.7118,  59713389,  2721398723,
128,  34,  2176,  10,  2702.25,  9.93074,  60462272,  2721398723,
128,  34,  2176,  10,  2702.78,  9.60098,  59515271,  2721398723,
128,  35,  2240,  10,  2781.15,  9.81265,  61485221,  2721398723,
128,  35,  2240,  10,  2781.01,  10.0089,  60764942,  2721398723,
128,  36,  2304,  10,  2708.33,  8.09607,  63410176,  2721398723,
128,  36,  2304,  10,  2709.48,  8.13655,  63379269,  2721398723,
128,  37,  2368,  10,  2782.73,  7.50767,  65347339,  2721398723,
128,  37,  2368,  10,  2783.24,  7.75753,  64788723,  2721398723,
128,  38,  2432,  10,  2714.23,  6.38974,  67867913,  2721398723,
128,  38,  2432,  10,  2713.42,  6.28008,  66373572,  2721398723,
128,  39,  2496,  10,  2784.71,  6.49451,  68364539,  2721398723,
128,  39,  2496,  10,  2785.82,  6.5288,  68507047,  2721398723,
128,  40,  2560,  10,  2719.9,  5.10274,  70022508,  2721398723,
128,  40,  2560,  10,  2719.02,  5.22539,  70653791,  2721398723,
128,  41,  2624,  10,  2786.93,  5.01124,  71975593,  2721398723,
128,  41,  2624,  10,  2786.56,  4.97859,  71565736,  2721398723,
128,  42,  2688,  10,  2722.85,  4.03046,  83244888,  2721398723,
128,  42,  2688,  10,  2723.29,  4.14452,  73865456,  2721398723,
128,  43,  2752,  10,  2788.03,  3.88469,  75739060,  2721398723,
128,  43,  2752,  10,  2788.66,  3.9603,  76627215,  2721398723,
128,  44,  2816,  10,  2727.32,  3.08689,  84955848,  2721398723,
128,  44,  2816,  10,  2726.83,  2.98744,  77937207,  2721398723,
128,  45,  2880,  10,  2788.45,  2.95788,  80012296,  2721398723,
128,  45,  2880,  10,  2787.78,  3.01651,  82626953,  2721398723,
128,  46,  2944,  10,  2730.75,  2.33188,  81082035,  2721398723,
128,  46,  2944,  10,  2729.33,  2.32858,  80515156,  2721398723,
128,  47,  3008,  10,  2789.07,  2.37214,  90531839,  2721398723,
128,  47,  3008,  10,  2789.62,  2.30666,  83843308,  2721398723,
128,  48,  3072,  10,  2732.04,  1.80289,  88093932,  2721398723,
128,  48,  3072,  10,  2732.66,  1.68919,  84854823,  2721398723,
128,  49,  3136,  10,  2789.32,  1.66103,  87308459,  2721398723,
128,  49,  3136,  10,  2788.76,  1.65714,  89478496,  2721398723,
128,  50,  3200,  10,  2735.05,  1.33239,  88851472,  2721398723,
128,  50,  3200,  10,  2735.92,  1.36917,  88833805,  2721398723,
128,  51,  3264,  10,  2790.3,  1.29312,  91690342,  2721398723,
128,  51,  3264,  10,  2790.85,  1.23903,  93091307,  2721398723,
128,  52,  3328,  10,  2737.13,  0.946885,  94196127,  2721398723,
128,  52,  3328,  10,  2737.15,  0.971231,  93611056,  2721398723,
128,  53,  3392,  10,  2789.89,  0.936387,  95416311,  2721398723,
128,  53,  3392,  10,  2789.62,  0.851259,  95214535,  2721398723,
128,  54,  3456,  10,  2739.89,  0.732964,  96604556,  2721398723,
128,  54,  3456,  10,  2739.28,  0.665204,  97025760,  2721398723,
128,  55,  3520,  10,  2789.79,  0.64015,  99309844,  2721398723,
128,  55,  3520,  10,  2790.57,  0.667242,  98623094,  2721398723,
128,  56,  3584,  10,  2741.04,  0.468744,  100087957,  2721398723,
128,  56,  3584,  10,  2741.52,  0.529743,  100144069,  2721398723,
128,  57,  3648,  10,  2790.46,  0.577348,  109824115,  2721398723,
128,  57,  3648,  10,  2790.56,  0.519255,  110343124,  2721398723,
128,  58,  3712,  10,  2742.38,  0.364512,  119464110,  2721398723,
128,  58,  3712,  10,  2742.59,  0.354048,  111102830,  2721398723,
128,  59,  3776,  10,  2790.46,  0.368069,  112029218,  2721398723,
128,  59,  3776,  10,  2790.12,  0.346686,  113382423,  2721398723,
128,  60,  3840,  10,  2742.93,  0.255975,  113144267,  2721398723,
128,  60,  3840,  10,  2744.51,  0.242973,  113819547,  2721398723,
128,  61,  3904,  10,  2789.07,  0.254493,  117218051,  2721398723,
128,  61,  3904,  10,  2789.73,  0.229405,  117274400,  2721398723,
128,  62,  3968,  10,  2744.9,  0.172138,  119157423,  2721398723,
128,  62,  3968,  10,  2744.61,  0.172203,  118345141,  2721398723,
128,  63,  4032,  10,  2789.62,  0.1725,  122490846,  2721398723,
128,  63,  4032,  10,  2788.11,  0.179806,  121304109,  2721398723,
128,  64,  4096,  10,  2745.32,  0.130576,  122161472,  2721398723,
128,  64,  4096,  10,  2745.68,  0.120664,  116861613,  2721398723,
128,  65,  4160,  10,  2788.55,  0.119999,  118597495,  2721398723,
128,  65,  4160,  10,  2788.14,  0.114604,  123229808,  2721398723,
128,  66,  4224,  10,  2745.8,  0.0866735,  119431751,  2721398723,
128,  66,  4224,  10,  2746.57,  0.0825353,  120332173,  2721398723,
128,  67,  4288,  10,  2787.85,  0.0820269,  123369532,  2721398723,
128,  67,  4288,  10,  2787.84,  0.0835087,  123339544,  2721398723,
128,  68,  4352,  10,  2746.38,  0.0638452,  124489718,  2721398723,
128,  68,  4352,  10,  2746.55,  0.0529045,  124449894,  2721398723,
128,  69,  4416,  10,  2787.51,  0.0557602,  136289847,  2721398723,
128,  69,  4416,  10,  2786.93,  0.0566681,  136572598,  2721398723,
128,  70,  4480,  10,  2748,  0.0376936,  135318894,  2721398723,
128,  70,  4480,  10,  2746.78,  0.0397517,  135357224,  2721398723,
128,  71,  4544,  10,  2786.76,  0.0395472,  140329664,  2721398723,
128,  71,  4544,  10,  2786.06,  0.0423236,  140676184,  2721398723,
128,  72,  4608,  10,  2746.71,  0.0264233,  140918183,  2721398723,
128,  72,  4608,  10,  2747.13,  0.0242406,  133276528,  2721398723,
128,  73,  4672,  10,  2785.16,  0.0259685,  136191617,  2721398723,
128,  73,  4672,  10,  2785.59,  0.0247969,  136471015,  2721398723,
128,  74,  4736,  10,  2747.21,  0.018158,  135581547,  2721398723,
128,  74,  4736,  10,  2747.82,  0.0157133,  135342885,  2721398723,
128,  75,  4800,  10,  2785.15,  0.0169096,  142963263,  2721398723,
128,  75,  4800,  10,  2785.31,  0.016731,  142663058,  2721398723,
256,  2,  256,  10,  2231.22,  419.374,  23905281,  2721398723,
256,  2,  256,  10,  2231.07,  420.139,  23909650,  2721398723,
256,  3,  384,  10,  3115.52,  311.462,  30306645,  2721398723,
256,  3,  384,  10,  3115.37,  311.202,  33502436,  2721398723,
256,  4,  512,  10,  2810.06,  251.758,  40595505,  2721398723,
256,  4,  512,  10,  2809.71,  251.786,  37070032,  2721398723,
256,  5,  640,  10,  3428.92,  204.467,  44877148,  2721398723,
256,  5,  640,  10,  3429.37,  204.292,  46093892,  2721398723,
256,  6,  768,  10,  3106.03,  170.086,  54300397,  2721398723,
256,  6,  768,  10,  3106.94,  169.849,  56171754,  2721398723,
256,  7,  896,  10,  3582.41,  146.914,  61812216,  2721398723,
256,  7,  896,  10,  3582.98,  146.575,  61343740,  2721398723,
256,  8,  1024,  10,  3287.54,  123.025,  68814237,  2721398723,
256,  8,  1024,  10,  3287.6,  123.771,  72050017,  2721398723,
256,  9,  1152,  10,  3672.32,  110.761,  74383660,  2721398723,
256,  9,  1152,  10,  3673.2,  110.034,  69915136,  2721398723,
256,  10,  1280,  10,  3407.01,  93.7149,  82418805,  2721398723,
256,  10,  1280,  10,  3407.36,  93.4624,  84626683,  2721398723,
256,  11,  1408,  10,  3732.24,  86.4658,  93640228,  2721398723,
256,  11,  1408,  10,  3732,  87.1994,  91588738,  2721398723,
256,  12,  1536,  10,  3493.17,  72.7274,  96961504,  2721398723,
256,  12,  1536,  10,  3493.03,  71.932,  97673110,  2721398723,
256,  13,  1664,  10,  3773.41,  68.6879,  104876996,  2721398723,
256,  13,  1664,  10,  3772.13,  69.4768,  107527317,  2721398723,
256,  14,  1792,  10,  3555.96,  56.8362,  113275848,  2721398723,
256,  14,  1792,  10,  3556.55,  57.4814,  117630650,  2721398723,
256,  15,  1920,  10,  3802.49,  55.2175,  120121794,  2721398723,
256,  15,  1920,  10,  3802.54,  55.3318,  119147068,  2721398723,
256,  16,  2048,  10,  3605.07,  46.149,  134504248,  2721398723,
256,  16,  2048,  10,  3604.15,  45.991,  133961639,  2721398723,
256,  17,  2176,  10,  3824.69,  43.8789,  144702720,  2721398723,
256,  17,  2176,  10,  3823.14,  44.9552,  140975109,  2721398723,
256,  18,  2304,  10,  3643.31,  36.867,  149883437,  2721398723,
256,  18,  2304,  10,  3642.75,  36.6825,  146107755,  2721398723,
256,  19,  2432,  10,  3840.46,  36.298,  161093001,  2721398723,
256,  19,  2432,  10,  3840.4,  36.1181,  159767326,  2721398723,
256,  20,  2560,  10,  3672.76,  29.8282,  161676299,  2721398723,
256,  20,  2560,  10,  3674.04,  29.9081,  169750922,  2721398723,
256,  21,  2688,  10,  3853.32,  28.1449,  177705171,  2721398723,
256,  21,  2688,  10,  3853.23,  29.3491,  166180289,  2721398723,
256,  22,  2816,  10,  3696.93,  23.3114,  181754411,  2721398723,
256,  22,  2816,  10,  3697.67,  23.3977,  184223597,  2721398723,
256,  23,  2944,  10,  3863.32,  22.8069,  180667164,  2721398723,
256,  23,  2944,  10,  3862.83,  23.1568,  197582783,  2721398723,
256,  24,  3072,  10,  3718.06,  18.0866,  194186335,  2721398723,
256,  24,  3072,  10,  3718.35,  18.1062,  192019432,  2721398723,
256,  25,  3200,  10,  3870.1,  18.7035,  196817017,  2721398723,
256,  25,  3200,  10,  3869.55,  17.9502,  196396809,  2721398723,
256,  26,  3328,  10,  3734.59,  14.3072,  214771094,  2721398723,
256,  26,  3328,  10,  3732.92,  14.1226,  213181975,  2721398723,
256,  27,  3456,  10,  3875.94,  13.9948,  223801707,  2721398723,
256,  27,  3456,  10,  3874.96,  13.8842,  219355889,  2721398723,
256,  28,  3584,  10,  3747.83,  10.986,  234434721,  2721398723,
256,  28,  3584,  10,  3747.13,  10.7374,  221822045,  2721398723,
256,  29,  3712,  10,  3879.78,  10.6473,  237240417,  2721398723,
256,  29,  3712,  10,  3879.66,  10.6744,  233702420,  2721398723,
256,  30,  3840,  10,  3758.69,  7.94041,  237974377,  2721398723,
256,  30,  3840,  10,  3758.44,  8.56349,  244927877,  2721398723,
256,  31,  3968,  10,  3883.01,  7.92409,  256542815,  2721398723,
256,  31,  3968,  10,  3882.41,  8.10228,  254660280,  2721398723,
256,  32,  4096,  10,  3766.81,  5.70662,  310584680,  2665597991,
256,  32,  4096,  10,  3768.56,  5.86427,  309805613,  2665597991,
256,  33,  4224,  10,  3883.31,  5.77061,  323084852,  2665597991,
256,  33,  4224,  10,  3883.66,  5.88939,  323273179,  2665597991,
256,  34,  4352,  10,  3775.16,  3.91064,  323749267,  2665597991,
256,  34,  4352,  10,  3774.37,  4.09107,  327616617,  2665597991,
256,  35,  4480,  10,  3885.34,  3.96339,  350339018,  2665597991,
256,  35,  4480,  10,  3886.45,  3.98412,  325614967,  2665597991,
256,  36,  4608,  10,  3782.08,  2.84923,  332955038,  2665597991,
256,  36,  4608,  10,  3780.99,  2.91278,  335044966,  2665597991,
256,  37,  4736,  10,  3885.94,  2.8244,  344099857,  2665597991,
256,  37,  4736,  10,  3886.01,  2.95728,  340762698,  2665597991,
256,  38,  4864,  10,  3785.99,  1.98524,  358177746,  2665597991,
256,  38,  4864,  10,  3785.73,  1.96134,  367234050,  2665597991,
256,  39,  4992,  10,  3887.63,  1.96003,  367806647,  2665597991,
256,  39,  4992,  10,  3886.19,  1.97383,  355365422,  2665597991,
256,  40,  5120,  10,  3790.89,  1.35646,  380411964,  2665597991,
256,  40,  5120,  10,  3790.66,  1.34801,  373618839,  2665597991,
256,  41,  5248,  10,  3885.49,  1.37113,  381056550,  2665597991,
256,  41,  5248,  10,  3884.99,  1.33346,  390322109,  2665597991,
256,  42,  5376,  10,  3794.05,  0.890542,  407889836,  2665597991,
256,  42,  5376,  10,  3795.19,  0.864978,  403784064,  2665597991,
256,  43,  5504,  10,  3884.53,  0.894038,  395998096,  2665597991,
256,  43,  5504,  10,  3883.33,  0.907595,  404218195,  2665597991,
256,  44,  5632,  10,  3795.32,  0.561204,  390616170,  2665597991,
256,  44,  5632,  10,  3797.58,  0.577502,  410871383,  2665597991,
256,  45,  5760,  10,  3883.16,  0.564108,  414328896,  2665597991,
256,  45,  5760,  10,  3883.75,  0.542864,  415002798,  2665597991,
256,  46,  5888,  10,  3798.53,  0.381239,  414814338,  2665597991,
256,  46,  5888,  10,  3799.25,  0.36863,  414335783,  2665597991,
256,  47,  6016,  10,  3880.84,  0.355138,  444929598,  2665597991,
256,  47,  6016,  10,  3880.92,  0.366161,  430219446,  2665597991,
256,  48,  6144,  10,  3799.52,  0.226541,  431368666,  2665597991,
256,  48,  6144,  10,  3799.01,  0.235883,  435821061,  2665597991,
256,  49,  6272,  10,  3878.88,  0.232067,  442516749,  2665597991,
256,  49,  6272,  10,  3879.07,  0.239555,  448200362,  2665597991,
256,  50,  6400,  10,  3801.68,  0.145657,  454637801,  2665597991,
256,  50,  6400,  10,  3801.3,  0.139338,  459521096,  2665597991,
256,  51,  6528,  10,  3875.96,  0.140078,  467685803,  2665597991,
256,  51,  6528,  10,  3876.48,  0.145272,  481994541,  2665597991,
256,  52,  6656,  10,  3800.83,  0.0933495,  478019815,  2665597991,
256,  52,  6656,  10,  3800.83,  0.0898644,  472727604,  2665597991,
256,  53,  6784,  10,  3873.85,  0.0861216,  485779886,  2665597991,
256,  53,  6784,  10,  3874.76,  0.0911933,  478575356,  2665597991,
256,  54,  6912,  10,  3801.19,  0.0536623,  494344244,  2665597991,
256,  54,  6912,  10,  3799.98,  0.0551717,  484013466,  2665597991,
256,  55,  7040,  10,  3872.19,  0.0519717,  489200257,  2665597991,
256,  55,  7040,  10,  3871.97,  0.0536931,  496379135,  2665597991,
256,  56,  7168,  10,  3799.39,  0.0332096,  507552442,  2665597991,
256,  56,  7168,  10,  3800.72,  0.0330444,  510086643,  2665597991,
256,  57,  7296,  10,  3868.14,  0.0329932,  518450386,  2665597991,
256,  57,  7296,  10,  3867.39,  0.0329921,  518770066,  2665597991,
256,  58,  7424,  10,  3799.59,  0.0194827,  507596751,  2665597991,
256,  58,  7424,  10,  3799.06,  0.0192,  508722348,  2665597991,
256,  59,  7552,  10,  3866.31,  0.0187567,  531831238,  2665597991,
256,  59,  7552,  10,  3865.35,  0.0199402,  539368494,  2665597991,
256,  60,  7680,  10,  3798.26,  0.0116736,  537787375,  2665597991,
256,  60,  7680,  10,  3798.13,  0.0115442,  533871182,  2665597991,
256,  61,  7808,  10,  3862.36,  0.011236,  553438601,  2665597991,
256,  61,  7808,  10,  3862.19,  0.0115282,  559875477,  2665597991,
256,  62,  7936,  10,  3796.66,  0.00675892,  552809880,  2665597991,
256,  62,  7936,  10,  3796.78,  0.00662408,  564281291,  2665597991,
256,  63,  8064,  10,  3858.51,  0.00634833,  598848664,  2665597991,
256,  63,  8064,  10,  3859.48,  0.00687167,  583718150,  2665597991,
256,  64,  8192,  10,  3796,  0.00402099,  594913525,  2665597991,
256,  64,  8192,  10,  3794.89,  0.0039491,  593860467,  2665597991,
256,  65,  8320,  10,  3855.94,  0.00341777,  613738847,  2665597991,
256,  65,  8320,  10,  3856.03,  0.00378369,  617639600,  2665597991,
256,  66,  8448,  10,  3794.53,  0.00216012,  604848231,  2665597991,
256,  66,  8448,  10,  3793.08,  0.00215174,  599551409,  2665597991,
256,  67,  8576,  10,  3850.64,  0.00224901,  650591694,  2665597991,
256,  67,  8576,  10,  3850.82,  0.00216617,  620832242,  2665597991,
256,  68,  8704,  10,  3789.99,  0.00120173,  635333307,  2665597991,
256,  68,  8704,  10,  3791.04,  0.0011944,  620645354,  2665597991,
256,  69,  8832,  10,  3847.69,  0.00129147,  655166730,  2665597991,
256,  69,  8832,  10,  3848.54,  0.00116186,  667237213,  2665597991,
256,  70,  8960,  10,  3788.46,  0.000680357,  653191032,  2665597991,
256,  70,  8960,  10,  3788.74,  0.000681994,  638729636,  2665597991,
256,  71,  9088,  10,  3843.36,  0.000688047,  640054995,  2665597991,
256,  71,  9088,  10,  3844.22,  0.000684708,  675538609,  2665597991,
256,  72,  9216,  10,  3787.12,  0.000379146,  672218032,  2665597991,
256,  72,  9216,  10,  3785.87,  0.000387216,  669154361,  2665597991,
256,  73,  9344,  10,  3840.17,  0.000369009,  706176788,  2665597991,
256,  73,  9344,  10,  3840.96,  0.000351523,  692353350,  2665597991,
256,  74,  9472,  10,  3783.71,  0.000207826,  697289330,  2665597991,
256,  74,  9472,  10,  3783.9,  0.000193772,  703457149,  2665597991,
256,  75,  9600,  10,  3835.57,  0.000199468,  726860275,  2665597991,
256,  75,  9600,  10,  3834.55,  0.000196494,  718569754,  2665597991,
512,  2,  512,  10,  3149.12,  416.005,  40918842,  2631698209,
512,  2,  512,  10,  3148.76,  416.038,  34179882,  2631698209,
512,  3,  768,  10,  4395.78,  309.093,  46052403,  2631698209,
512,  3,  768,  10,  4395.19,  309.471,  54754126,  2631698209,
512,  4,  1024,  10,  3959.72,  248.01,  59908543,  2631698209,
512,  4,  1024,  10,  3959.03,  248.408,  61715303,  2631698209,
512,  5,  1280,  10,  4830.85,  202.182,  79872284,  2631698209,
512,  5,  1280,  10,  4830.89,  202.032,  70929871,  2631698209,
512,  6,  1536,  10,  4370.43,  165.38,  76971505,  2631698209,
512,  6,  1536,  10,  4371.11,  165.339,  88993845,  2631698209,
512,  7,  1792,  10,  5039.27,  143.53,  103160358,  2631698209,
512,  7,  1792,  10,  5040.75,  143.466,  86554388,  2631698209,
512,  8,  2048,  10,  4617.6,  117.855,  110943658,  2631698209,
512,  8,  2048,  10,  4617.1,  117.749,  119097684,  2631698209,
512,  9,  2304,  10,  5160.85,  107.045,  114225139,  2631698209,
512,  9,  2304,  10,  5159.61,  107.111,  126796597,  2631698209,
512,  10,  2560,  10,  4779.58,  86.6814,  128556490,  2631698209,
512,  10,  2560,  10,  4779.42,  86.5995,  133527366,  2631698209,
512,  11,  2816,  10,  5235.6,  81.8037,  139940796,  2631698209,
512,  11,  2816,  10,  5235.65,  80.6927,  132170860,  2631698209,
512,  12,  3072,  10,  4892.69,  65.0164,  163529910,  2631698209,
512,  12,  3072,  10,  4891.8,  65.2282,  156548607,  2631698209,
512,  13,  3328,  10,  5286,  63.0349,  162387363,  2631698209,
512,  13,  3328,  10,  5284.95,  62.2029,  153034339,  2631698209,
512,  14,  3584,  10,  4974.64,  48.8476,  172285677,  2631698209,
512,  14,  3584,  10,  4974.19,  48.9826,  173706076,  2631698209,
512,  15,  3840,  10,  5319.71,  46.6703,  182674267,  2631698209,
512,  15,  3840,  10,  5320.77,  47.7191,  179459364,  2631698209,
512,  16,  4096,  10,  5034.65,  37.4103,  208500973,  2631698209,
512,  16,  4096,  10,  5035.67,  36.6308,  192978096,  2631698209,
512,  17,  4352,  10,  5343.29,  35.9994,  220489245,  2631698209,
512,  17,  4352,  10,  5342.7,  35.4872,  223579938,  2631698209,
512,  18,  4608,  10,  5081.18,  27.114,  243122439,  2631698209,
512,  18,  4608,  10,  5081.41,  26.9878,  226060610,  2631698209,
512,  19,  4864,  10,  5358.37,  26.4922,  238473813,  2631698209,
512,  19,  4864,  10,  5358.83,  27.3647,  252829934,  2631698209,
512,  20,  5120,  10,  5117.85,  19.4502,  260989294,  2631698209,
512,  20,  5120,  10,  5116.52,  19.2542,  259373473,  2631698209,
512,  21,  5376,  10,  5368.48,  19.0579,  278259342,  2631698209,
512,  21,  5376,  10,  5369.15,  19.2638,  287880786,  2631698209,
512,  22,  5632,  10,  5143.31,  13.9678,  290629538,  2631698209,
512,  22,  5632,  10,  5143.47,  13.4374,  295793090,  2631698209,
512,  23,  5888,  10,  5374.89,  13.7748,  304557496,  2631698209,
512,  23,  5888,  10,  5373.69,  13.1625,  297533828,  2631698209,
512,  24,  6144,  10,  5163.76,  9.09035,  317320511,  2631698209,
512,  24,  6144,  10,  5162.72,  9.24152,  305534548,  2631698209,
512,  25,  6400,  10,  5376.71,  8.95972,  337092827,  2631698209,
512,  25,  6400,  10,  5377.33,  8.94974,  353703961,  2631698209,
512,  26,  6656,  10,  5178.49,  5.93393,  340642967,  2631698209,
512,  26,  6656,  10,  5178.63,  6.05311,  344772064,  2631698209,
512,  27,  6912,  10,  5376.81,  5.83606,  379195501,  2631698209,
512,  27,  6912,  10,  5376.83,  5.80878,  361513248,  2631698209,
512,  28,  7168,  10,  5189.28,  3.70589,  371466478,  2631698209,
512,  28,  7168,  10,  5188.85,  3.70005,  383174085,  2631698209,
512,  29,  7424,  10,  5375.23,  3.63774,  387539023,  2631698209,
512,  29,  7424,  10,  5375.95,  3.85238,  407093152,  2631698209,
512,  30,  7680,  10,  5197.44,  2.26518,  427845885,  2631698209,
512,  30,  7680,  10,  5197.27,  2.29487,  426827726,  2631698209,
512,  31,  7936,  10,  5371.21,  2.29079,  451843379,  2631698209,
512,  31,  7936,  10,  5371.83,  2.28081,  444354359,  2631698209,
512,  32,  8192,  10,  5203.45,  1.33022,  448007836,  2631698209,
512,  32,  8192,  10,  5203.54,  1.38252,  446650532,  2631698209,
512,  33,  8448,  10,  5367.04,  1.36728,  482578163,  2631698209,
512,  33,  8448,  10,  5366.68,  1.35446,  483187335,  2631698209,
512,  34,  8704,  10,  5205.04,  0.782442,  462843141,  2631698209,
512,  34,  8704,  10,  5205.27,  0.77896,  469685270,  2631698209,
512,  35,  8960,  10,  5359.74,  0.769816,  496172780,  2631698209,
512,  35,  8960,  10,  5360.95,  0.799232,  480091380,  2631698209,
512,  36,  9216,  10,  5206.86,  0.441478,  472804793,  2631698209,
512,  36,  9216,  10,  5207.31,  0.433892,  506594566,  2631698209,
512,  37,  9472,  10,  5351.22,  0.422748,  545269079,  2631698209,
512,  37,  9472,  10,  5352.96,  0.429836,  490256243,  2631698209,
512,  38,  9728,  10,  5205.85,  0.242158,  538284010,  2631698209,
512,  38,  9728,  10,  5205.56,  0.245546,  530179000,  2631698209,
512,  39,  9984,  10,  5344.92,  0.254663,  586182382,  2631698209,
512,  39,  9984,  10,  5344.41,  0.236764,  574354718,  2631698209,
512,  40,  10240,  10,  5203.83,  0.137588,  547915548,  2631698209,
512,  40,  10240,  10,  5203.21,  0.131071,  576312503,  2631698209,
512,  41,  10496,  10,  5335.02,  0.13062,  653965316,  2631698209,
512,  41,  10496,  10,  5336.37,  0.129543,  656390475,  2631698209,
512,  42,  10752,  10,  5200.09,  0.0677629,  615386241,  2631698209,
512,  42,  10752,  10,  5200.09,  0.0694663,  635809042,  2631698209,
512,  43,  11008,  10,  5326.75,  0.0712224,  690773033,  2631698209,
512,  43,  11008,  10,  5325.6,  0.0708208,  693411586,  2631698209,
512,  44,  11264,  10,  5195.78,  0.0347341,  653130796,  2631698209,
512,  44,  11264,  10,  5196.16,  0.0374486,  653451296,  2631698209,
512,  45,  11520,  10,  5315.88,  0.0369901,  747264266,  2631698209,
512,  45,  11520,  10,  5315.2,  0.0359486,  684898426,  2631698209,
512,  46,  11776,  10,  5189.33,  0.0190045,  707806817,  2631698209,
512,  46,  11776,  10,  5190.03,  0.0198228,  688614445,  2631698209,
512,  47,  12032,  10,  5304.79,  0.0180992,  756729813,  2631698209,
512,  47,  12032,  10,  5304.04,  0.0183936,  766917222,  2631698209,
512,  48,  12288,  10,  5182.7,  0.00947171,  709993602,  2631698209,
512,  48,  12288,  10,  5183.61,  0.00933824,  761701974,  2631698209,
512,  49,  12544,  10,  5293.61,  0.00954984,  814649173,  2631698209,
512,  49,  12544,  10,  5295.35,  0.00917969,  861733332,  2631698209,
512,  50,  12800,  10,  5176.73,  0.0045164,  789307290,  2631698209,
512,  50,  12800,  10,  5176.44,  0.00471975,  844936063,  2631698209,
512,  51,  13056,  10,  5282.15,  0.00463914,  853873991,  2631698209,
512,  51,  13056,  10,  5283,  0.00465399,  944369377,  2631698209,
512,  52,  13312,  10,  5169.25,  0.00218784,  848723094,  2631698209,
512,  52,  13312,  10,  5168.54,  0.00220923,  871197972,  2631698209,
512,  53,  13568,  10,  5270.2,  0.00215783,  983690048,  2631698209,
512,  53,  13568,  10,  5270.7,  0.00209719,  831727643,  2631698209,
512,  54,  13824,  10,  5159.49,  0.00105773,  862998310,  2631698209,
512,  54,  13824,  10,  5160.9,  0.00100997,  890619049,  2631698209,
512,  55,  14080,  10,  5258.95,  0.00105435,  1053164402,  2631698209,
512,  55,  14080,  10,  5258.3,  0.00101572,  1032983416,  2631698209,
512,  56,  14336,  10,  5150.44,  0.000490485,  897138519,  2631698209,
512,  56,  14336,  10,  5151.69,  0.000480499,  917328658,  2631698209,
512,  57,  14592,  10,  5247.17,  0.000482754,  1099042942,  2631698209,
512,  57,  14592,  10,  5245.78,  0.000457533,  1075871235,  2631698209,
512,  58,  14848,  10,  5141.29,  0.000218008,  964592720,  2631698209,
512,  58,  14848,  10,  5141.29,  0.000218008,  964592720,  2631698209,
512,  59,  15104,  10,  5233.3,  0.000218912,  1234917335,  2612782855,
512,  59,  15104,  10,  5232.74,  0.00021817,  1221472119,  2612782855,
512,  60,  15360,  10,  5131.29,  9.67594e-05,  1053193248,  2612782855,
512,  60,  15360,  10,  5131.32,  0.000102378,  1031144858,  2612782855,
512,  61,  15616,  10,  5220.8,  9.2143e-05,  1284402344,  2612782855,
512,  61,  15616,  10,  5219.81,  9.66954e-05,  1263093214,  2612782855,
512,  62,  15872,  10,  5121.09,  4.37731e-05,  1177305873,  2612782855,
512,  62,  15872,  10,  5121.37,  4.36333e-05,  1037284444,  2612782855,
512,  63,  16128,  10,  5207.22,  4.44706e-05,  1294812477,  2612782855,
512,  63,  16128,  10,  5206.66,  4.4583e-05,  1333193665,  2612782855,
512,  64,  16384,  10,  5110.24,  1.94951e-05,  1172094233,  2612782855,
512,  64,  16384,  10,  5110.24,  1.94951e-05,  1172094233,  2612782855,
512,  64,  16384,  10,  5110.24,  1.94951e-05,  1172094233,  2612782855,
512,  64,  16384,  10,  5110.24,  1.94951e-05,  1172094233,  2612782855,
512,  64,  16384,  10,  5110.24,  1.94951e-05,  1172094233,  2612782855,
512,  64,  16384,  10,  5110.24,  1.94951e-05,  1172094233,  2612782855,
512,  64,  16384,  10,  5110.24,  1.94951e-05,  1172094233,  2612782855,
512,  64,  16384,  10,  5110.24,  1.94951e-05,  1172094233,  2612782855,
512,  64,  16384,  10,  5110.24,  1.94951e-05,  1172094233,  2612782855,
512,  64,  16384,  10,  5110.24,  1.94951e-05,  1172094233,  2612782855,
512,  64,  16384,  10,  5110.24,  1.94951e-05,  1172094233,  2612782855,
512,  64,  16384,  10,  5110.24,  1.94951e-05,  1172094233,  2612782855,
512,  64,  16384,  10,  5110.24,  1.94951e-05,  1172094233,  2612782855,
512,  64,  16384,  10,  5110.24,  1.94951e-05,  1172094233,  2612782855,
512,  64,  16384,  10,  5110.24,  1.94951e-05,  1172094233,  2612782855,
512,  64,  16384,  10,  5110.24,  1.94951e-05,  1172094233,  2612782855,
512,  64,  16384,  10,  5110.24,  1.94951e-05,  1172094233,  2612782855,
512,  64,  16384,  10,  5110.24,  1.94951e-05,  1172094233,  2612782855,
512,  64,  16384,  10,  5110.24,  1.94951e-05,  1172094233,  2612782855,
512,  64,  16384,  10,  5110.24,  1.94951e-05,  1172094233,  2612782855,
512,  64,  16384,  10,  5110.24,  1.94951e-05,  1172094233,  2612782855,
512,  64,  16384,  10,  5110.24,  1.94951e-05,  1172094233,  2612782855,
512,  64,  16384,  10,  5110.24,  1.94951e-05,  1172094233,  2612782855,
512,  64,  16384,  10,  5110.24,  1.94951e-05,  1172094233,  2612782855,








