1,  2,  1,  10,  436.211,  436.211,  1889009,  0,
1,  2,  1,  10,  2683.31,  2683.31,  1220466,  0,
1,  3,  1,  10,  30895.3,  30895.3,  1561858,  0,
1,  3,  1,  10,  25940.9,  25940.9,  1509132,  0,
1,  4,  2,  10,  106.976,  106.976,  1856201,  0,
1,  4,  2,  10,  108.08,  108.08,  1895635,  0,
1,  5,  2,  10,  133.202,  133.202,  1824572,  0,
1,  5,  2,  10,  134.484,  134.484,  1833406,  0,
1,  6,  3,  10,  134.212,  134.212,  2123631,  0,
1,  6,  3,  10,  133.092,  133.092,  2132857,  0,
1,  7,  3,  10,  151.635,  151.635,  2384702,  0,
1,  7,  3,  10,  151.478,  151.478,  2380893,  0,
1,  8,  4,  10,  146.262,  146.262,  2876439,  0,
1,  8,  4,  10,  146.563,  146.563,  2673021,  0,
1,  9,  4,  10,  158.864,  158.864,  3137382,  0,
1,  9,  4,  10,  159.063,  159.063,  3063066,  0,
1,  10,  5,  10,  154.022,  154.022,  3296705,  0,
1,  10,  5,  10,  155.311,  155.311,  3311163,  0,
1,  11,  5,  10,  162.093,  162.093,  3457329,  0,
1,  11,  5,  10,  161.749,  161.749,  3469188,  0,
1,  12,  6,  10,  159.377,  159.377,  3743228,  0,
1,  12,  6,  10,  157.542,  157.542,  3594233,  0,
1,  13,  6,  10,  163.152,  163.152,  3718207,  0,
1,  13,  6,  10,  164.016,  164.016,  3461161,  0,
1,  14,  7,  10,  160.175,  160.175,  3725975,  0,
1,  14,  7,  10,  161.149,  161.149,  3720230,  0,
1,  15,  7,  10,  164.396,  164.396,  3943209,  0,
1,  15,  7,  10,  164.435,  164.435,  3927189,  0,
1,  16,  8,  10,  162.593,  162.593,  4188280,  0,
1,  16,  8,  10,  162.927,  162.927,  4183049,  0,
1,  17,  8,  10,  165.297,  165.297,  4386861,  0,
1,  17,  8,  10,  164.085,  164.085,  4415918,  0,
1,  18,  9,  10,  162.972,  162.972,  4630647,  0,
1,  18,  9,  10,  163.986,  163.986,  4870791,  0,
1,  19,  9,  10,  163.807,  163.807,  5142338,  0,
1,  19,  9,  10,  164.398,  164.398,  5428150,  0,
1,  20,  10,  10,  164.296,  164.296,  5173797,  0,
1,  20,  10,  10,  164.449,  164.449,  5350698,  0,
1,  21,  10,  10,  164.743,  164.743,  5400989,  0,
1,  21,  10,  10,  164.38,  164.38,  5293753,  0,
1,  22,  11,  10,  164.953,  153.362,  5537901,  0,
1,  22,  11,  10,  164.611,  152.771,  5585122,  0,
1,  23,  11,  10,  164.974,  156.135,  5303231,  0,
1,  23,  11,  10,  164.857,  156.522,  5207022,  0,
1,  24,  12,  10,  164.011,  138.803,  5282069,  0,
1,  24,  12,  10,  163.936,  139.369,  5496189,  0,
1,  25,  12,  10,  165.282,  144.083,  5480949,  0,
1,  25,  12,  10,  163.759,  143.324,  5505718,  0,
1,  26,  13,  10,  165.205,  128.058,  5711141,  0,
1,  26,  13,  10,  164.456,  127.541,  5724961,  0,
1,  27,  13,  10,  164.479,  131.52,  5918936,  0,
1,  27,  13,  10,  164.524,  131.685,  5898772,  0,
1,  28,  14,  10,  163.718,  116.486,  6152971,  0,
1,  28,  14,  10,  164.722,  116.945,  6139902,  0,
1,  29,  14,  10,  165.489,  121.94,  6315057,  0,
1,  29,  14,  10,  164.768,  121.3,  6319517,  0,
1,  30,  15,  10,  163.941,  106.253,  6549560,  0,
1,  30,  15,  10,  165.082,  107.961,  6538292,  0,
1,  31,  15,  10,  164.113,  110.713,  6915556,  0,
1,  31,  15,  10,  164.705,  110.074,  6748683,  0,
1,  32,  16,  10,  164.733,  98.588,  7044645,  0,
1,  32,  16,  10,  164.63,  99.2524,  6942441,  0,
1,  33,  16,  10,  164.221,  101.997,  7344887,  0,
1,  33,  16,  10,  164.323,  101.6,  7181617,  0,
1,  34,  17,  10,  164.376,  91.392,  7571063,  0,
1,  34,  17,  10,  163.324,  90.7721,  7497819,  0,
1,  35,  17,  10,  165.07,  94.6367,  7548726,  0,
1,  35,  17,  10,  164.646,  94.6994,  7547564,  0,
1,  36,  18,  10,  164.158,  84.4362,  7775354,  0,
1,  36,  18,  10,  164.289,  84.3193,  7773432,  0,
1,  37,  18,  10,  165.139,  87.2242,  7972675,  0,
1,  37,  18,  10,  165.129,  87.6866,  7959714,  0,
1,  38,  19,  10,  163.929,  79.4613,  8199740,  0,
1,  38,  19,  10,  164.705,  79.0051,  8233213,  0,
1,  39,  19,  10,  164.917,  81.673,  8044224,  0,
1,  39,  19,  10,  164.681,  81.4795,  8190567,  0,
1,  40,  20,  10,  165.242,  73.9252,  8059822,  0,
1,  40,  20,  10,  164.922,  73.5013,  8115006,  0,
1,  41,  20,  10,  163.941,  75.8239,  8263266,  0,
1,  41,  20,  10,  164.735,  76.3652,  8298996,  0,
1,  42,  21,  10,  164.061,  69.4081,  8508007,  0,
1,  42,  21,  10,  164.106,  68.3383,  8497207,  0,
1,  43,  21,  10,  164.819,  70.9721,  8652905,  0,
1,  43,  21,  10,  164.761,  70.7487,  8677198,  0,
1,  44,  22,  10,  164.759,  64.4685,  8911314,  0,
1,  44,  22,  10,  164.48,  64.5743,  8997594,  0,
1,  45,  22,  10,  164.568,  66.6099,  8858781,  0,
1,  45,  22,  10,  164.487,  67.1358,  8832288,  0,
1,  46,  23,  10,  164.64,  61.2915,  9044054,  0,
1,  46,  23,  10,  165.045,  61.5846,  9106272,  0,
1,  47,  23,  10,  165.091,  62.6984,  9772788,  0,
1,  47,  23,  10,  164.581,  62.2294,  9570772,  0,
1,  48,  24,  10,  166.167,  58.0713,  9865839,  0,
1,  48,  24,  10,  163.818,  57.3103,  9805949,  0,
1,  49,  24,  10,  163.969,  58.4982,  9997100,  0,
1,  49,  24,  10,  164.511,  59.6756,  9985358,  0,
1,  50,  25,  10,  164.615,  54.1898,  10206502,  0,
1,  50,  25,  10,  164.484,  54.2934,  10222515,  0,
1,  51,  25,  10,  164.613,  54.5764,  18201035,  0,
1,  51,  25,  10,  164.74,  55.6806,  17938811,  0,
1,  52,  26,  10,  164.695,  52.0982,  17946488,  0,
1,  52,  26,  10,  163.987,  50.8091,  13346173,  0,
1,  53,  26,  10,  164.268,  52.6338,  13453487,  0,
1,  53,  26,  10,  163.931,  52.1502,  13673940,  0,
1,  54,  27,  10,  163.952,  48.1292,  10924375,  0,
1,  54,  27,  10,  162.814,  48.1579,  10723996,  0,
1,  55,  27,  10,  164.427,  49.1884,  10865947,  0,
1,  55,  27,  10,  164.838,  50.0282,  10919794,  0,
1,  56,  28,  10,  165.116,  45.7726,  11103303,  0,
1,  56,  28,  10,  163.755,  46.0521,  10879935,  0,
1,  57,  28,  10,  164.31,  47.1102,  10974348,  0,
1,  57,  28,  10,  164.152,  46.9166,  10969719,  0,
1,  58,  29,  10,  164.341,  43.4823,  11196800,  0,
1,  58,  29,  10,  164.695,  44.6865,  11722555,  0,
1,  59,  29,  10,  164.895,  43.7743,  11319339,  0,
1,  59,  29,  10,  163.577,  44.5586,  11282927,  0,
1,  60,  30,  10,  163.96,  41.3674,  11575734,  0,
1,  60,  30,  10,  164.457,  42.0044,  11578934,  0,
1,  61,  30,  10,  165.314,  42.7401,  11686399,  0,
1,  61,  30,  10,  163.31,  42.0416,  11686289,  0,
1,  62,  31,  10,  164.899,  39.9895,  11874852,  0,
1,  62,  31,  10,  164.566,  39.5064,  11881427,  0,
1,  63,  31,  10,  164.976,  40.8259,  12108082,  0,
1,  63,  31,  10,  164.536,  40.5567,  11865391,  0,
1,  64,  32,  10,  164.484,  39.0449,  12065509,  0,
1,  64,  32,  10,  164.785,  38.3655,  12021533,  0,
1,  65,  32,  10,  165.08,  38.9045,  12229001,  0,
1,  65,  32,  10,  164.581,  38.8777,  12383282,  0,
1,  66,  33,  10,  163.586,  35.6023,  12421313,  0,
1,  66,  33,  10,  164.607,  36.978,  12479017,  0,
1,  67,  33,  10,  163.977,  37.1989,  12686948,  0,
1,  67,  33,  10,  164.976,  37.4651,  13048146,  0,
1,  68,  34,  10,  164.866,  35.3416,  13256445,  0,
1,  68,  34,  10,  165.672,  35.1178,  13283599,  0,
1,  69,  34,  10,  164.395,  35.1194,  13450461,  0,
1,  69,  34,  10,  164.098,  35.3154,  13408086,  0,
1,  70,  35,  10,  165.385,  33.9481,  13622512,  0,
1,  70,  35,  10,  163.832,  33.3591,  13671315,  0,
1,  71,  35,  10,  164.903,  33.5463,  14027746,  0,
1,  71,  35,  10,  164.972,  34.373,  13795864,  0,
1,  72,  36,  10,  164.785,  31.6228,  14024410,  0,
1,  72,  36,  10,  164.938,  33.0997,  14074683,  0,
1,  73,  36,  10,  164.722,  32.4835,  14305158,  0,
1,  73,  36,  10,  164.713,  33.0184,  14528574,  0,
1,  74,  37,  10,  164.102,  31.3005,  14682261,  0,
1,  74,  37,  10,  165.076,  31.2123,  14723989,  0,
1,  75,  37,  10,  164.828,  31.312,  15644983,  0,
1,  75,  37,  10,  163.257,  31.4405,  14851595,  0,
2,  2,  2,  10,  183.437,  183.437,  807448,  0,
2,  2,  2,  10,  324.161,  324.161,  747918,  0,
2,  3,  3,  10,  188.892,  188.892,  745193,  0,
2,  3,  3,  10,  190.701,  190.701,  741087,  0,
2,  4,  4,  10,  171.195,  171.195,  1139641,  0,
2,  4,  4,  10,  171.155,  171.155,  903773,  0,
2,  5,  5,  10,  215.093,  215.093,  1065832,  0,
2,  5,  5,  10,  214.619,  214.619,  1326912,  0,
2,  6,  6,  10,  198.474,  198.474,  1569397,  0,
2,  6,  6,  10,  199.315,  199.315,  1236036,  0,
2,  7,  7,  10,  224.956,  224.956,  1376551,  0,
2,  7,  7,  10,  224.905,  224.905,  1378254,  0,
2,  8,  8,  10,  212.672,  212.672,  1515728,  0,
2,  8,  8,  10,  212.366,  212.366,  1514157,  0,
2,  9,  9,  10,  228.761,  228.761,  1639856,  0,
2,  9,  9,  10,  228.664,  228.664,  1616037,  0,
2,  10,  10,  10,  220.511,  220.511,  1807192,  0,
2,  10,  10,  10,  220.968,  220.968,  1861248,  0,
2,  11,  11,  10,  230.166,  211.454,  1945026,  0,
2,  11,  11,  10,  230.509,  212.009,  1955824,  0,
2,  12,  12,  10,  226.058,  186.137,  2101369,  0,
2,  12,  12,  10,  226.08,  185.655,  2122986,  0,
2,  13,  13,  10,  230.913,  181.407,  2258135,  0,
2,  13,  13,  10,  232.162,  182.401,  2256754,  0,
2,  14,  14,  10,  227.938,  156.669,  2427430,  0,
2,  14,  14,  10,  228.268,  155.919,  2405436,  0,
2,  15,  15,  10,  231.938,  155.143,  2555202,  0,
2,  15,  15,  10,  231.911,  155.08,  2556534,  0,
2,  16,  16,  10,  231.103,  135.502,  2753639,  0,
2,  16,  16,  10,  231.137,  134.823,  2711601,  0,
2,  17,  17,  10,  232.633,  133.456,  2906241,  0,
2,  17,  17,  10,  232.736,  133.54,  2882710,  0,
2,  18,  18,  10,  230.687,  116.146,  3064269,  0,
2,  18,  18,  10,  232.046,  117.146,  3029365,  0,
2,  19,  19,  10,  232.919,  115.957,  3343275,  0,
2,  19,  19,  10,  233.78,  116.044,  3249329,  0,
2,  20,  20,  10,  232.058,  102.114,  3430912,  0,
2,  20,  20,  10,  231.66,  101.928,  3412657,  0,
2,  21,  21,  10,  234.119,  101.927,  3599405,  0,
2,  21,  21,  10,  232.085,  101.155,  3607962,  0,
2,  22,  22,  10,  232.092,  90.1889,  3866921,  0,
2,  22,  22,  10,  232.621,  90.5515,  3708739,  0,
2,  23,  23,  10,  233.294,  90.5777,  3942169,  0,
2,  23,  23,  10,  233.739,  90.2718,  4073629,  0,
2,  24,  24,  10,  232.183,  80.5393,  4046351,  0,
2,  24,  24,  10,  232.531,  80.0699,  5279535,  0,
2,  25,  25,  10,  233.098,  80.4355,  4892671,  0,
2,  25,  25,  10,  231.699,  80.7707,  4272903,  0,
2,  26,  26,  10,  232.158,  72.1751,  4399902,  0,
2,  26,  26,  10,  232.476,  72.9425,  4388865,  0,
2,  27,  27,  10,  232.328,  71.9914,  4601897,  0,
2,  27,  27,  10,  232.311,  72.5163,  4606210,  0,
2,  28,  28,  10,  232.997,  65.8091,  4742350,  0,
2,  28,  28,  10,  233.136,  66.3159,  4748410,  0,
2,  29,  29,  10,  233.665,  65.6808,  5114287,  0,
2,  29,  29,  10,  233.032,  64.7631,  4980562,  0,
2,  30,  30,  10,  232.568,  59.3704,  5184986,  0,
2,  30,  30,  10,  232.431,  59.1293,  5124920,  0,
2,  31,  31,  10,  233.336,  59.9267,  5194853,  0,
2,  31,  31,  10,  233.177,  59.7051,  5305437,  0,
2,  32,  32,  10,  232.41,  54.2116,  5470406,  0,
2,  32,  32,  10,  233.117,  53.8019,  5466162,  0,
2,  33,  33,  10,  233.308,  54.9209,  5673831,  0,
2,  33,  33,  10,  232.651,  55.271,  5625031,  0,
2,  34,  34,  10,  232.687,  50.9527,  5805261,  0,
2,  34,  34,  10,  232.224,  50.1566,  5772767,  0,
2,  35,  35,  10,  232.014,  49.7914,  5944036,  0,
2,  35,  35,  10,  233.887,  50.4549,  5987228,  0,
2,  36,  36,  10,  233.501,  46.2922,  6114033,  0,
2,  36,  36,  10,  233.304,  45.7147,  6114350,  0,
2,  37,  37,  10,  232.068,  46.6394,  6304869,  0,
2,  37,  37,  10,  232.45,  46.8966,  6321010,  0,
2,  38,  38,  10,  233.086,  43.9485,  6510314,  0,
2,  38,  38,  10,  232.022,  43.0853,  6499366,  0,
2,  39,  39,  10,  234.693,  43.6139,  6700389,  0,
2,  39,  39,  10,  233.31,  43.0709,  6958871,  0,
2,  40,  40,  10,  232.809,  40.2292,  7057637,  0,
2,  40,  40,  10,  233.687,  40.1089,  7108898,  0,
2,  41,  41,  10,  233.308,  40.2542,  8308375,  0,
2,  41,  41,  10,  231.878,  39.9392,  7268855,  0,
2,  42,  42,  10,  232.917,  37.9052,  7340175,  0,
2,  42,  42,  10,  232.849,  37.7924,  7815996,  0,
2,  43,  43,  10,  232.441,  37.897,  7523511,  0,
2,  43,  43,  10,  233.417,  37.8197,  7542171,  0,
2,  44,  44,  10,  233.439,  35.3503,  7713906,  0,
2,  44,  44,  10,  233.68,  35.856,  7708459,  0,
2,  45,  45,  10,  232.178,  34.7047,  7963759,  0,
2,  45,  45,  10,  232.54,  34.9506,  7882856,  0,
2,  46,  46,  10,  233.621,  33.0186,  8094984,  0,
2,  46,  46,  10,  232.783,  34.348,  8102407,  0,
2,  47,  47,  10,  232.594,  32.7289,  8257126,  0,
2,  47,  47,  10,  232.381,  32.9277,  8202812,  0,
2,  48,  48,  10,  232.256,  30.5993,  8425041,  0,
2,  48,  48,  10,  232.638,  30.4224,  8453709,  0,
2,  49,  49,  10,  233.912,  31.0855,  8630273,  0,
2,  49,  49,  10,  232.682,  31.7347,  8260143,  0,
2,  50,  50,  10,  233.679,  28.5329,  8805580,  0,
2,  50,  50,  10,  233.442,  29.7938,  8790468,  0,
2,  51,  51,  10,  232.91,  29.9186,  9447832,  0,
2,  51,  51,  10,  233.105,  29.9385,  9314339,  0,
2,  52,  52,  10,  233.535,  27.0529,  9592788,  0,
2,  52,  52,  10,  233.066,  27.2606,  9591678,  0,
2,  53,  53,  10,  232.658,  27.567,  9794032,  0,
2,  53,  53,  10,  232.441,  27.2427,  9805548,  0,
2,  54,  54,  10,  233.423,  25.5899,  9921341,  0,
2,  54,  54,  10,  232.7,  26.2348,  9964479,  0,
2,  55,  55,  10,  233.333,  26.1301,  9749542,  0,
2,  55,  55,  10,  232.627,  26.6479,  10177883,  0,
2,  56,  56,  10,  231.789,  25.2982,  11235189,  0,
2,  56,  56,  10,  232.957,  25.0969,  10378767,  0,
2,  57,  57,  10,  233.268,  24.9817,  10663002,  0,
2,  57,  57,  10,  233.11,  24.9239,  11486577,  0,
2,  58,  58,  10,  232.307,  23.622,  10942173,  0,
2,  58,  58,  10,  232.331,  24.035,  10858452,  0,
2,  59,  59,  10,  232.817,  24.2824,  10850865,  0,
2,  59,  59,  10,  231.787,  24.3613,  10792348,  0,
2,  60,  60,  10,  232.747,  22.8819,  10973382,  0,
2,  60,  60,  10,  232.688,  23.0266,  10845895,  0,
2,  61,  61,  10,  232.456,  22.1387,  11121675,  0,
2,  61,  61,  10,  231.945,  22.8898,  10702223,  0,
2,  62,  62,  10,  233.012,  21.6288,  11280002,  0,
2,  62,  62,  10,  232.382,  21.5488,  11275704,  0,
2,  63,  63,  10,  232.078,  21.1045,  11481981,  0,
2,  63,  63,  10,  233.452,  21.2956,  11481386,  0,
2,  64,  64,  10,  232.81,  20.597,  12811816,  0,
2,  64,  64,  10,  233.204,  20.3162,  12866991,  0,
2,  65,  65,  10,  232.727,  20.3841,  11707173,  0,
2,  65,  65,  10,  232.69,  20.2478,  11807062,  0,
2,  66,  66,  10,  232.066,  19.6527,  11934600,  0,
2,  66,  66,  10,  232.695,  19.1931,  11918713,  0,
2,  67,  67,  10,  232.443,  19.2503,  12111257,  0,
2,  67,  67,  10,  232.178,  20.3137,  12356995,  0,
2,  68,  68,  10,  232.614,  17.3813,  12287403,  0,
2,  68,  68,  10,  232.727,  17.5485,  12327078,  0,
2,  69,  69,  10,  232.589,  17.7435,  12497573,  0,
2,  69,  69,  10,  231.824,  18.443,  12510355,  0,
2,  70,  70,  10,  231.975,  18.749,  14182694,  0,
2,  70,  70,  10,  232.514,  17.2854,  12791245,  0,
2,  71,  71,  10,  233.366,  17.6176,  13648402,  0,
2,  71,  71,  10,  232.666,  18.321,  13912485,  0,
2,  72,  72,  10,  232.903,  17.7707,  14249298,  0,
2,  72,  72,  10,  233.058,  17.1958,  14255384,  0,
2,  73,  73,  10,  232.764,  17.0583,  14459222,  0,
2,  73,  73,  10,  232.668,  16.6002,  14390075,  0,
2,  74,  74,  10,  231.827,  17.476,  14513110,  0,
2,  74,  74,  10,  232.193,  17.2246,  14598751,  0,
2,  75,  75,  10,  233.021,  17.4613,  14822410,  0,
2,  75,  75,  10,  231.684,  15.7758,  14636788,  0,
4,  2,  4,  10,  313.038,  313.038,  666717,  0,
4,  2,  4,  10,  275.234,  275.234,  672897,  0,
4,  3,  6,  10,  276.658,  276.658,  1088723,  0,
4,  3,  6,  10,  277.287,  277.287,  895772,  0,
4,  4,  8,  10,  255.973,  255.973,  1058903,  0,
4,  4,  8,  10,  255.077,  255.077,  1059427,  0,
4,  5,  10,  10,  307.242,  307.242,  1284756,  0,
4,  5,  10,  10,  307.188,  307.188,  1288373,  0,
4,  6,  12,  10,  287.383,  239.991,  1452503,  0,
4,  6,  12,  10,  287.393,  240.563,  1458542,  0,
4,  7,  14,  10,  319.565,  225.205,  1719960,  0,
4,  7,  14,  10,  318.392,  224.012,  1680500,  0,
4,  8,  16,  10,  303.899,  179.212,  1907605,  0,
4,  8,  16,  10,  303.65,  179.72,  1869484,  0,
4,  9,  18,  10,  324.783,  170.632,  2093553,  0,
4,  9,  18,  10,  324.28,  170.709,  2100038,  0,
4,  10,  20,  10,  314.25,  140.49,  2249967,  0,
4,  10,  20,  10,  314.577,  141.503,  2263359,  0,
4,  11,  22,  10,  327.273,  135.023,  2694314,  0,
4,  11,  22,  10,  326.297,  134.758,  2478466,  0,
4,  12,  24,  10,  320.432,  114.051,  2640744,  0,
4,  12,  24,  10,  320.435,  114.161,  2623782,  0,
4,  13,  26,  10,  328.323,  110.135,  2862058,  0,
4,  13,  26,  10,  328.454,  109.814,  2893423,  0,
4,  14,  28,  10,  324.023,  95.7344,  3037540,  0,
4,  14,  28,  10,  324.806,  95.1069,  2999979,  0,
4,  15,  30,  10,  328.326,  90.9484,  3978227,  0,
4,  15,  30,  10,  329.407,  91.9344,  3248215,  0,
4,  16,  32,  10,  325.397,  79.7493,  3375783,  0,
4,  16,  32,  10,  326.465,  80.3887,  3703499,  0,
4,  17,  34,  10,  328.52,  78.4207,  3601887,  0,
4,  17,  34,  10,  329.207,  77.9529,  3621986,  0,
4,  18,  36,  10,  328.64,  68.901,  3760637,  0,
4,  18,  36,  10,  328.092,  69.2739,  3756353,  0,
4,  19,  38,  10,  329.675,  66.7117,  4318561,  0,
4,  19,  38,  10,  328.902,  67.1247,  3950514,  0,
4,  20,  40,  10,  328.719,  60.713,  4140447,  0,
4,  20,  40,  10,  327.657,  59.2763,  4160433,  0,
4,  21,  42,  10,  328.558,  58.6113,  4318662,  0,
4,  21,  42,  10,  329.492,  58.7033,  4312677,  0,
4,  22,  44,  10,  329.161,  53.3,  4561420,  0,
4,  22,  44,  10,  329.036,  52.3863,  4569731,  0,
4,  23,  46,  10,  329.922,  50.774,  4713649,  0,
4,  23,  46,  10,  329.316,  51.5846,  4696625,  0,
4,  24,  48,  10,  329.431,  46.7589,  4854850,  0,
4,  24,  48,  10,  328.084,  46.0602,  4882270,  0,
4,  25,  50,  10,  328.888,  46.7803,  5086182,  0,
4,  25,  50,  10,  330.093,  46.4625,  5076293,  0,
4,  26,  52,  10,  328.816,  41.9829,  5228216,  0,
4,  26,  52,  10,  328.621,  42.4681,  5338675,  0,
4,  27,  54,  10,  328.784,  40.9904,  5501180,  0,
4,  27,  54,  10,  330.268,  40.7528,  5488780,  0,
4,  28,  56,  10,  329.079,  37.5295,  5628880,  0,
4,  28,  56,  10,  329.528,  39.0947,  5622202,  0,
4,  29,  58,  10,  329.175,  37.3943,  5849355,  0,
4,  29,  58,  10,  329.41,  36.6249,  5853234,  0,
4,  30,  60,  10,  328.713,  34.075,  6088755,  0,
4,  30,  60,  10,  328.992,  35.2492,  5989533,  0,
4,  31,  62,  10,  328.576,  33.9533,  6222610,  0,
4,  31,  62,  10,  329.466,  34.406,  6234583,  0,
4,  32,  64,  10,  328.118,  30.803,  6367736,  0,
4,  32,  64,  10,  329.787,  31.0691,  6385650,  0,
4,  33,  66,  10,  329.687,  31.1794,  6594881,  0,
4,  33,  66,  10,  328.663,  31.8774,  6599952,  0,
4,  34,  68,  10,  328.305,  28.3225,  6736888,  0,
4,  34,  68,  10,  328.672,  28.6102,  6758130,  0,
4,  35,  70,  10,  329.405,  28.8405,  6977866,  0,
4,  35,  70,  10,  329.296,  28.4377,  7128236,  0,
4,  36,  72,  10,  329.367,  27.801,  7213941,  0,
4,  36,  72,  10,  328.866,  27.4364,  7201259,  0,
4,  37,  74,  10,  329.495,  26.4405,  7434172,  0,
4,  37,  74,  10,  328.7,  26.4913,  7500548,  0,
4,  38,  76,  10,  328.644,  25.0215,  7597142,  0,
4,  38,  76,  10,  328.212,  24.562,  7581999,  0,
4,  39,  78,  10,  329.21,  24.8104,  7813713,  0,
4,  39,  78,  10,  328.703,  24.7347,  9756761,  0,
4,  40,  80,  10,  329.794,  23.0819,  9823377,  0,
4,  40,  80,  10,  328.549,  23.3274,  7961762,  0,
4,  41,  82,  10,  328.581,  22.6099,  8195983,  0,
4,  41,  82,  10,  328.668,  23.0956,  8051622,  0,
4,  42,  84,  10,  329.129,  21.9093,  8128150,  0,
4,  42,  84,  10,  329.426,  21.1495,  8124041,  0,
4,  43,  86,  10,  328.594,  20.8605,  8264771,  0,
4,  43,  86,  10,  329.284,  20.769,  8267480,  0,
4,  44,  88,  10,  329.744,  19.8548,  8393270,  0,
4,  44,  88,  10,  330.468,  20.0706,  8350028,  0,
4,  45,  90,  10,  329.23,  20.9745,  8585127,  0,
4,  45,  90,  10,  328.351,  18.9325,  8574375,  0,
4,  46,  92,  10,  329.089,  18.4806,  8954318,  0,
4,  46,  92,  10,  328.279,  18.8515,  8749924,  0,
4,  47,  94,  10,  328.585,  18.7837,  10975142,  0,
4,  47,  94,  10,  328.43,  18.3919,  8942145,  0,
4,  48,  96,  10,  328.114,  18.3891,  9090787,  0,
4,  48,  96,  10,  329,  17.7863,  9113462,  0,
4,  49,  98,  10,  328.664,  17.2393,  9290592,  0,
4,  49,  98,  10,  329.136,  17.2778,  9310378,  0,
4,  50,  100,  10,  328.28,  17.2389,  9450824,  0,
4,  50,  100,  10,  328.922,  15.8009,  9440513,  0,
4,  51,  102,  10,  329.445,  16.5248,  9052567,  0,
4,  51,  102,  10,  329.53,  15.9646,  9047366,  0,
4,  52,  104,  10,  328.905,  15.7751,  9197947,  0,
4,  52,  104,  10,  329.726,  16.9497,  9187582,  0,
4,  53,  106,  10,  328.802,  15.2948,  9393684,  0,
4,  53,  106,  10,  329.623,  15.6992,  9405616,  0,
4,  54,  108,  10,  329.848,  14.5395,  9544686,  0,
4,  54,  108,  10,  329.286,  15.2604,  9557499,  0,
4,  55,  110,  10,  328.849,  14.5939,  9919920,  0,
4,  55,  110,  10,  329.543,  14.725,  9819576,  0,
4,  56,  112,  10,  329.234,  15.0675,  9912834,  0,
4,  56,  112,  10,  329.088,  13.9956,  9892630,  0,
4,  57,  114,  10,  329.471,  14.0825,  10089430,  0,
4,  57,  114,  10,  328.591,  14.1981,  10102367,  0,
4,  58,  116,  10,  328.666,  13.7768,  10242553,  0,
4,  58,  116,  10,  329.53,  14.1002,  10274581,  0,
4,  59,  118,  10,  328.382,  13.1634,  10421800,  0,
4,  59,  118,  10,  328.324,  13.7836,  10423305,  0,
4,  60,  120,  10,  328.685,  13.4793,  10745695,  0,
4,  60,  120,  10,  329.208,  12.8897,  10557506,  0,
4,  61,  122,  10,  329.562,  12.6689,  10729870,  0,
4,  61,  122,  10,  329.466,  12.5677,  10745412,  0,
4,  62,  124,  10,  328.63,  12.0563,  10901291,  0,
4,  62,  124,  10,  329.372,  12.9792,  10896936,  0,
4,  63,  126,  10,  328.881,  13.0118,  11088162,  0,
4,  63,  126,  10,  329.168,  12.2655,  11085713,  0,
4,  64,  128,  10,  328.61,  11.6322,  11251772,  0,
4,  64,  128,  10,  327.956,  11.4668,  11265896,  0,
4,  65,  130,  10,  328.834,  12.3725,  11463362,  0,
4,  65,  130,  10,  329.713,  11.2966,  11453555,  0,
4,  66,  132,  10,  328.728,  11.364,  11604036,  0,
4,  66,  132,  10,  328.167,  10.9092,  11619811,  0,
4,  67,  134,  10,  329.021,  11.0465,  11921473,  0,
4,  67,  134,  10,  329.308,  10.6046,  12027760,  0,
4,  68,  136,  10,  328.749,  11.3146,  11988176,  0,
4,  68,  136,  10,  329.686,  10.4959,  11996557,  0,
4,  69,  138,  10,  328.373,  10.6807,  12173978,  0,
4,  69,  138,  10,  329.883,  9.67931,  12182510,  0,
4,  70,  140,  10,  329.22,  9.55696,  12314116,  0,
4,  70,  140,  10,  328.774,  10.2139,  12290442,  0,
4,  71,  142,  10,  329.306,  9.69035,  13071905,  0,
4,  71,  142,  10,  329.705,  9.79128,  12979927,  0,
4,  72,  144,  10,  328.659,  9.46617,  15583162,  0,
4,  72,  144,  10,  329.347,  10.0874,  12494014,  0,
4,  73,  146,  10,  329.347,  9.98403,  13627764,  0,
4,  73,  146,  10,  328.88,  9.25915,  12923742,  0,
4,  74,  148,  10,  328.411,  9.10178,  12960811,  0,
4,  74,  148,  10,  328.843,  9.70887,  12910146,  0,
4,  75,  150,  10,  329.472,  9.06557,  13100506,  0,
4,  75,  150,  10,  329.564,  10.0612,  13104796,  0,
8,  2,  8,  10,  323.455,  323.455,  718002,  0,
8,  2,  8,  10,  312.313,  312.313,  716184,  0,
8,  3,  12,  10,  399.446,  354.488,  943618,  0,
8,  3,  12,  10,  399.563,  354.44,  947789,  0,
8,  4,  16,  10,  369.75,  234.764,  1090036,  0,
8,  4,  16,  10,  370.307,  235.17,  1087442,  0,
8,  5,  20,  10,  438.782,  218.35,  1332070,  0,
8,  5,  20,  10,  436.995,  217.538,  1315677,  0,
8,  6,  24,  10,  411.524,  160.155,  1469696,  0,
8,  6,  24,  10,  411.034,  160.661,  1462581,  0,
8,  7,  28,  10,  453.333,  150.869,  1695375,  0,
8,  7,  28,  10,  452.364,  150.643,  1679535,  0,
8,  8,  32,  10,  433.051,  117.324,  1827807,  0,
8,  8,  32,  10,  432.625,  118.157,  1829499,  0,
8,  9,  36,  10,  459.667,  111.786,  2149898,  0,
8,  9,  36,  10,  459.481,  110.663,  2056500,  0,
8,  10,  40,  10,  446.689,  91.8089,  2200361,  0,
8,  10,  40,  10,  447.052,  91.3053,  2202873,  0,
8,  11,  44,  10,  462.581,  87.8477,  2424992,  0,
8,  11,  44,  10,  464.019,  87.1228,  2426893,  0,
8,  12,  48,  10,  454.744,  73.7138,  2576206,  0,
8,  12,  48,  10,  453.832,  73.3037,  2571673,  0,
8,  13,  52,  10,  464.922,  69.7798,  2839021,  0,
8,  13,  52,  10,  463.014,  70.8283,  2798386,  0,
8,  14,  56,  10,  458.419,  60.8072,  2942191,  0,
8,  14,  56,  10,  458.899,  61.2863,  2947309,  0,
8,  15,  60,  10,  465.062,  57.9538,  3249816,  0,
8,  15,  60,  10,  465.335,  58.394,  3170003,  0,
8,  16,  64,  10,  461.483,  51.372,  3330320,  0,
8,  16,  64,  10,  462.629,  52.1269,  3321763,  0,
8,  17,  68,  10,  465.169,  50.5537,  3545603,  0,
8,  17,  68,  10,  465.401,  49.7181,  3551185,  0,
8,  18,  72,  10,  462.301,  44.2332,  3700799,  0,
8,  18,  72,  10,  462.902,  43.6248,  3694234,  0,
8,  19,  76,  10,  466.28,  42.0753,  3928323,  0,
8,  19,  76,  10,  464.951,  42.2475,  4721581,  0,
8,  20,  80,  10,  462.554,  38.3151,  4078494,  0,
8,  20,  80,  10,  465.185,  37.8606,  4083723,  0,
8,  21,  84,  10,  464.984,  36.1682,  4303860,  0,
8,  21,  84,  10,  464.524,  37.4842,  4306570,  0,
8,  22,  88,  10,  464.709,  33.5862,  4458163,  0,
8,  22,  88,  10,  464.141,  33.8104,  4468489,  0,
8,  23,  92,  10,  466.324,  32.6335,  4687855,  0,
8,  23,  92,  10,  464.566,  32.9123,  4681301,  0,
8,  24,  96,  10,  464.911,  29.4841,  4850988,  0,
8,  24,  96,  10,  465.277,  30.2001,  4826345,  0,
8,  25,  100,  10,  465.602,  29.1979,  5058717,  0,
8,  25,  100,  10,  465.863,  29.0612,  5081346,  0,
8,  26,  104,  10,  464.809,  26.3541,  5245103,  0,
8,  26,  104,  10,  464.723,  26.7599,  5439814,  0,
8,  27,  108,  10,  465.549,  27.425,  5433484,  0,
8,  27,  108,  10,  464.89,  26.8122,  5387359,  0,
8,  28,  112,  10,  464.519,  24.3393,  5556941,  0,
8,  28,  112,  10,  464.959,  24.3238,  5560233,  0,
8,  29,  116,  10,  464.544,  22.6276,  5778388,  0,
8,  29,  116,  10,  466.047,  24.0608,  5769164,  0,
8,  30,  120,  10,  465.241,  21.2234,  6102666,  0,
8,  30,  120,  10,  465.915,  21.9499,  5933668,  0,
8,  31,  124,  10,  464.825,  21.6674,  6144428,  0,
8,  31,  124,  10,  465.647,  21.9149,  6146941,  0,
8,  32,  128,  10,  465.747,  20.1933,  6302408,  0,
8,  32,  128,  10,  465.776,  19.3832,  6302145,  0,
8,  33,  132,  10,  465.509,  20.0541,  6527961,  0,
8,  33,  132,  10,  465.887,  19.4512,  6528690,  0,
8,  34,  136,  10,  466.365,  18.2849,  6689735,  0,
8,  34,  136,  10,  464.701,  19.1538,  6677152,  0,
8,  35,  140,  10,  466.305,  18.005,  6928742,  0,
8,  35,  140,  10,  465.937,  18.0775,  7753631,  0,
8,  36,  144,  10,  464.398,  16.1085,  7147213,  0,
8,  36,  144,  10,  464.274,  16.8843,  7144569,  0,
8,  37,  148,  10,  465.858,  16.4062,  7374399,  0,
8,  37,  148,  10,  464.959,  16.3166,  7371988,  0,
8,  38,  152,  10,  464.974,  15.1429,  7456615,  0,
8,  38,  152,  10,  465.493,  16.2945,  7448192,  0,
8,  39,  156,  10,  464.76,  15.3245,  7677907,  0,
8,  39,  156,  10,  463.1,  15.1481,  7677904,  0,
8,  40,  160,  10,  465.13,  14.1036,  7832950,  0,
8,  40,  160,  10,  464.698,  14.2618,  7854269,  0,
8,  41,  164,  10,  464.434,  14.4433,  8158225,  0,
8,  41,  164,  10,  466.213,  14.8661,  8063811,  0,
8,  42,  168,  10,  465.821,  12.6961,  8227473,  0,
8,  42,  168,  10,  464.987,  13.1061,  8266558,  0,
8,  43,  172,  10,  465.728,  12.5116,  8448818,  0,
8,  43,  172,  10,  465.268,  13.9539,  8436424,  0,
8,  44,  176,  10,  465.101,  12.5811,  8587651,  0,
8,  44,  176,  10,  464.508,  12.7956,  8588105,  0,
8,  45,  180,  10,  464.43,  13.4844,  8817514,  0,
8,  45,  180,  10,  464.683,  11.8615,  8517116,  0,
8,  46,  184,  10,  465.022,  11.7117,  8623169,  0,
8,  46,  184,  10,  464.814,  12.3048,  8560250,  0,
8,  47,  188,  10,  464.501,  11.2148,  8780386,  0,
8,  47,  188,  10,  465.003,  11.3308,  8537678,  0,
8,  48,  192,  10,  464.823,  10.519,  8562531,  0,
8,  48,  192,  10,  464.707,  11.4721,  8534728,  0,
8,  49,  196,  10,  465.452,  10.6727,  8748897,  0,
8,  49,  196,  10,  463.919,  10.5159,  8752704,  0,
8,  50,  200,  10,  465.126,  10.1578,  8901297,  0,
8,  50,  200,  10,  465.36,  10.4411,  9018711,  0,
8,  51,  204,  10,  464.84,  10.1744,  9356003,  0,
8,  51,  204,  10,  464.539,  10.492,  9368201,  0,
8,  52,  208,  10,  464.653,  9.48094,  9511500,  0,
8,  52,  208,  10,  463.64,  9.47758,  9494528,  0,
8,  53,  212,  10,  465.113,  10.3707,  9669504,  0,
8,  53,  212,  10,  463.846,  8.76178,  9693023,  0,
8,  54,  216,  10,  465.176,  9.02483,  9855348,  0,
8,  54,  216,  10,  464.9,  9.54041,  9941269,  0,
8,  55,  220,  10,  465.416,  9.38223,  10038638,  0,
8,  55,  220,  10,  463.643,  8.81582,  10060827,  0,
8,  56,  224,  10,  464.131,  7.94324,  10216857,  0,
8,  56,  224,  10,  463.504,  8.08077,  10572889,  0,
8,  57,  228,  10,  464.401,  9.02907,  10394153,  0,
8,  57,  228,  10,  463.457,  8.56371,  9847154,  0,
8,  58,  232,  10,  465.021,  7.54831,  9671021,  0,
8,  58,  232,  10,  465.403,  8.32374,  9654167,  0,
8,  59,  236,  10,  464.462,  8.2737,  9848944,  0,
8,  59,  236,  10,  464.312,  7.48328,  9862771,  0,
8,  60,  240,  10,  464.182,  8.12408,  10168682,  0,
8,  60,  240,  10,  463.807,  7.65759,  10460040,  0,
8,  61,  244,  10,  463.778,  7.16833,  10589277,  0,
8,  61,  244,  10,  463.472,  8.10026,  10594989,  0,
8,  62,  248,  10,  465.242,  6.62486,  10721046,  0,
8,  62,  248,  10,  464.293,  7.10089,  10725975,  0,
8,  63,  252,  10,  464.497,  6.79945,  10923446,  0,
8,  63,  252,  10,  464.101,  7.8645,  11071782,  0,
8,  64,  256,  10,  463.554,  5.76935,  11083374,  0,
8,  64,  256,  10,  464.28,  6.62193,  11066475,  0,
8,  65,  260,  10,  464.445,  7.26935,  11294191,  0,
8,  65,  260,  10,  464.887,  6.70591,  11213058,  0,
8,  66,  264,  10,  463.911,  7.05208,  11358659,  0,
8,  66,  264,  10,  464.662,  6.6675,  11437521,  0,
8,  67,  268,  10,  463.574,  6.66135,  11461263,  0,
8,  67,  268,  10,  464.425,  6.37072,  11653254,  0,
8,  68,  272,  10,  463.729,  5.51638,  12105156,  0,
8,  68,  272,  10,  464.487,  5.52414,  11816637,  0,
8,  69,  276,  10,  464.448,  5.77712,  11991854,  0,
8,  69,  276,  10,  464.655,  5.19352,  11905593,  0,
8,  70,  280,  10,  464.213,  5.77247,  12113290,  0,
8,  70,  280,  10,  463.874,  5.47669,  12215704,  0,
8,  71,  284,  10,  464.11,  5.06038,  12466240,  0,
8,  71,  284,  10,  463.506,  5.3887,  12439094,  0,
8,  72,  288,  10,  464.499,  4.97795,  12518842,  0,
8,  72,  288,  10,  464.203,  5.06541,  12564337,  0,
8,  73,  292,  10,  463.967,  5.85653,  12772257,  0,
8,  73,  292,  10,  464.138,  5.66846,  12724278,  0,
8,  74,  296,  10,  463.988,  4.78455,  13681117,  0,
8,  74,  296,  10,  463.618,  5.12884,  12882521,  0,
8,  75,  300,  10,  463.968,  4.97568,  13318380,  0,
8,  75,  300,  10,  464.499,  5.78987,  13033338,  0,
16,  2,  16,  10,  426.387,  336.494,  648063,  0,
16,  2,  16,  10,  422.543,  331.162,  644430,  0,
16,  3,  24,  10,  569.133,  280.518,  867329,  0,
16,  3,  24,  10,  570.167,  281.314,  865625,  0,
16,  4,  32,  10,  529.515,  196.283,  1006916,  0,
16,  4,  32,  10,  528.96,  195.836,  1016829,  0,
16,  5,  40,  10,  620.042,  176.351,  1239751,  0,
16,  5,  40,  10,  620.818,  176.461,  1238761,  0,
16,  6,  48,  10,  584.181,  134.696,  1394450,  0,
16,  6,  48,  10,  583.933,  134.264,  1388839,  0,
16,  7,  56,  10,  641.379,  123.985,  1613881,  0,
16,  7,  56,  10,  640.917,  123.113,  1612085,  0,
16,  8,  64,  10,  614.245,  99.3087,  1769036,  0,
16,  8,  64,  10,  615.258,  99.6477,  1767180,  0,
16,  9,  72,  10,  649.691,  92.2872,  1992386,  0,
16,  9,  72,  10,  649.417,  92.9494,  1991879,  0,
16,  10,  80,  10,  632.059,  77.3672,  2142079,  0,
16,  10,  80,  10,  632.035,  77.4337,  2170677,  0,
16,  11,  88,  10,  654.23,  73.113,  2366133,  0,
16,  11,  88,  10,  653.854,  72.9233,  2368163,  0,
16,  12,  96,  10,  643.296,  62.5928,  2528649,  0,
16,  12,  96,  10,  642.596,  62.2311,  2526264,  0,
16,  13,  104,  10,  655.692,  58.5768,  2749718,  0,
16,  13,  104,  10,  655.405,  59.0883,  2753195,  0,
16,  14,  112,  10,  648.895,  51.7683,  2909564,  0,
16,  14,  112,  10,  648.926,  51.3481,  2913133,  0,
16,  15,  120,  10,  656.349,  49.436,  3141921,  0,
16,  15,  120,  10,  656.902,  49.4542,  3138670,  0,
16,  16,  128,  10,  652.937,  43.5657,  3302411,  0,
16,  16,  128,  10,  653.037,  44.4533,  3296852,  0,
16,  17,  136,  10,  657.167,  41.5878,  3531245,  0,
16,  17,  136,  10,  657.815,  41.7988,  3518006,  0,
16,  18,  144,  10,  655.258,  37.4223,  3690281,  0,
16,  18,  144,  10,  655.001,  37.4797,  3685474,  0,
16,  19,  152,  10,  657.8,  36.7073,  3913983,  0,
16,  19,  152,  10,  657.115,  36.558,  3918472,  0,
16,  20,  160,  10,  656.433,  32.4471,  4080743,  0,
16,  20,  160,  10,  655.55,  31.692,  4073380,  0,
16,  21,  168,  10,  657.659,  31.5479,  4303282,  0,
16,  21,  168,  10,  656.91,  31.6717,  4308750,  0,
16,  22,  176,  10,  656.08,  27.8495,  4461976,  0,
16,  22,  176,  10,  656.126,  28.2227,  4520299,  0,
16,  23,  184,  10,  657.202,  27.5838,  5194214,  0,
16,  23,  184,  10,  656.25,  27.1349,  5306209,  0,
16,  24,  192,  10,  656.228,  24.2246,  4901635,  0,
16,  24,  192,  10,  657.143,  25.621,  4849627,  0,
16,  25,  200,  10,  657.434,  24.0659,  5058031,  0,
16,  25,  200,  10,  657.764,  25.0747,  5127731,  0,
16,  26,  208,  10,  657.75,  22.5643,  5242326,  0,
16,  26,  208,  10,  656.698,  22.3845,  5230074,  0,
16,  27,  216,  10,  656.573,  22.5773,  5462160,  0,
16,  27,  216,  10,  656.997,  21.6808,  5504340,  0,
16,  28,  224,  10,  656.847,  20.0987,  5636875,  0,
16,  28,  224,  10,  656.763,  19.3101,  5631663,  0,
16,  29,  232,  10,  656.432,  19.658,  5856570,  0,
16,  29,  232,  10,  657.514,  19.4699,  5860245,  0,
16,  30,  240,  10,  656.218,  18.0598,  6029204,  0,
16,  30,  240,  10,  657.151,  17.4649,  6032539,  0,
16,  31,  248,  10,  657.911,  17.9347,  6262119,  0,
16,  31,  248,  10,  655.52,  17.4129,  6250406,  0,
16,  32,  256,  10,  656.993,  15.1623,  6577038,  0,
16,  32,  256,  10,  657.054,  15.95,  6460715,  0,
16,  33,  264,  10,  657.977,  15.9676,  6641514,  0,
16,  33,  264,  10,  656,  15.8511,  6653785,  0,
16,  34,  272,  10,  656.031,  14.144,  6814021,  0,
16,  34,  272,  10,  656.764,  15.4024,  6814456,  0,
16,  35,  280,  10,  655.587,  14.5933,  7068866,  0,
16,  35,  280,  10,  657.658,  14.2965,  7026081,  0,
16,  36,  288,  10,  656.618,  13.0479,  7474387,  0,
16,  36,  288,  10,  656.088,  13.0595,  7165800,  0,
16,  37,  296,  10,  655.619,  12.1926,  7598913,  0,
16,  37,  296,  10,  656.527,  12.9934,  7412852,  0,
16,  38,  304,  10,  657.181,  12.1912,  7572177,  0,
16,  38,  304,  10,  656.275,  12.1077,  7579352,  0,
16,  39,  312,  10,  657.531,  11.851,  7809960,  0,
16,  39,  312,  10,  656.501,  11.6519,  7802297,  0,
16,  40,  320,  10,  656.774,  11.7513,  7978554,  0,
16,  40,  320,  10,  657.065,  10.9487,  7975987,  0,
16,  41,  328,  10,  655.379,  10.2853,  8206954,  0,
16,  41,  328,  10,  657.4,  11.0166,  8205073,  0,
16,  42,  336,  10,  655.97,  10.2865,  8372029,  0,
16,  42,  336,  10,  655.674,  10.2873,  8372744,  0,
16,  43,  344,  10,  656.592,  9.73534,  8612795,  0,
16,  43,  344,  10,  656.05,  9.62028,  8612302,  0,
16,  44,  352,  10,  655.975,  9.10597,  8778697,  0,
16,  44,  352,  10,  655.689,  8.87747,  8771403,  0,
16,  45,  360,  10,  655.672,  9.15027,  9012164,  0,
16,  45,  360,  10,  655.48,  9.17164,  9008958,  0,
16,  46,  368,  10,  655.126,  8.17211,  9185292,  0,
16,  46,  368,  10,  655.428,  8.29873,  9175546,  0,
16,  47,  376,  10,  656.29,  8.67666,  9415788,  0,
16,  47,  376,  10,  655.642,  8.23812,  9617604,  0,
16,  48,  384,  10,  655.884,  7.09483,  9577746,  0,
16,  48,  384,  10,  656.258,  7.72079,  9576997,  0,
16,  49,  392,  10,  655.561,  7.8631,  9811393,  0,
16,  49,  392,  10,  656.037,  7.49614,  9936842,  0,
16,  50,  400,  10,  655.213,  6.97428,  9976127,  0,
16,  50,  400,  10,  655.837,  7.78498,  9977585,  0,
16,  51,  408,  10,  655.239,  7.00221,  10049723,  0,
16,  51,  408,  10,  656.117,  6.81095,  10561293,  0,
16,  52,  416,  10,  655.563,  5.89028,  10207169,  0,
16,  52,  416,  10,  655.764,  6.1877,  15236555,  0,
16,  53,  424,  10,  655.402,  6.82213,  11548209,  0,
16,  53,  424,  10,  655.328,  6.65827,  10650026,  0,
16,  54,  432,  10,  655.492,  6.16953,  10860897,  0,
16,  54,  432,  10,  655.628,  5.65467,  10759657,  0,
16,  55,  440,  10,  655.103,  6.31578,  11033714,  0,
16,  55,  440,  10,  655.132,  6.69625,  11153454,  0,
16,  56,  448,  10,  654.678,  5.5425,  11011453,  0,
16,  56,  448,  10,  655.574,  5.14029,  11017284,  0,
16,  57,  456,  10,  654.987,  5.32649,  11206364,  0,
16,  57,  456,  10,  655.074,  5.11413,  11226619,  0,
16,  58,  464,  10,  655.125,  4.93465,  11348614,  0,
16,  58,  464,  10,  655.678,  4.37152,  11700184,  0,
16,  59,  472,  10,  654.991,  5.08365,  11663720,  0,
16,  59,  472,  10,  655.604,  5.09445,  11731781,  0,
16,  60,  480,  10,  655.565,  4.72238,  12064285,  0,
16,  60,  480,  10,  655.996,  4.75666,  12027347,  0,
16,  61,  488,  10,  654.489,  4.69188,  16044818,  0,
16,  61,  488,  10,  653.793,  4.3306,  12084120,  0,
16,  62,  496,  10,  655.098,  4.18444,  12248054,  0,
16,  62,  496,  10,  654.469,  4.44506,  12205918,  0,
16,  63,  504,  10,  655.528,  3.94635,  15284503,  0,
16,  63,  504,  10,  655.226,  4.34356,  13349507,  0,
16,  64,  512,  10,  654.316,  4.19996,  12904479,  0,
16,  64,  512,  10,  655.197,  3.71931,  12763201,  0,
16,  65,  520,  10,  654.095,  3.75952,  13189061,  0,
16,  65,  520,  10,  654.966,  3.77705,  14916239,  0,
16,  66,  528,  10,  654.583,  2.9222,  13356654,  0,
16,  66,  528,  10,  654.46,  3.02796,  13066675,  0,
16,  67,  536,  10,  654.718,  3.38303,  15027076,  0,
16,  67,  536,  10,  654.934,  3.22292,  13561455,  0,
16,  68,  544,  10,  654.25,  2.98181,  13999178,  0,
16,  68,  544,  10,  654.517,  2.73561,  13437068,  0,
16,  69,  552,  10,  654.776,  2.74125,  13705319,  0,
16,  69,  552,  10,  654.577,  3.32816,  13656514,  0,
16,  70,  560,  10,  654.924,  2.71004,  14032457,  0,
16,  70,  560,  10,  655.495,  3.06985,  13713413,  0,
16,  71,  568,  10,  654.987,  2.63913,  13952135,  0,
16,  71,  568,  10,  655.021,  2.64103,  14047367,  0,
16,  72,  576,  10,  654.871,  2.53081,  14131474,  0,
16,  72,  576,  10,  654.517,  2.48709,  14231709,  0,
16,  73,  584,  10,  654,  2.58771,  14450973,  0,
16,  73,  584,  10,  653.845,  2.68279,  14408445,  0,
16,  74,  592,  10,  653.875,  2.45594,  17551295,  0,
16,  74,  592,  10,  653.811,  2.10348,  14573607,  0,
16,  75,  600,  10,  654.696,  2.17582,  14728227,  0,
16,  75,  600,  10,  653.823,  2.21339,  14613478,  0,
32,  2,  32,  10,  598.655,  328.201,  830068,  0,
32,  2,  32,  10,  598.173,  326.381,  775781,  0,
32,  3,  48,  10,  807.044,  233.761,  1515537,  0,
32,  3,  48,  10,  807.723,  235.179,  1039595,  0,
32,  4,  64,  10,  751.979,  195.385,  1235231,  0,
32,  4,  64,  10,  752.295,  194.918,  1241076,  0,
32,  5,  80,  10,  878.437,  155.71,  1497028,  0,
32,  5,  80,  10,  877.749,  155.952,  1505908,  0,
32,  6,  96,  10,  827.16,  133.606,  1703456,  0,
32,  6,  96,  10,  828.278,  134.678,  1702147,  0,
32,  7,  112,  10,  905.948,  112.047,  1973632,  0,
32,  7,  112,  10,  906.121,  111.682,  1973670,  0,
32,  8,  128,  10,  868.749,  98.849,  2169332,  0,
32,  8,  128,  10,  869.61,  98.4217,  2170785,  0,
32,  9,  144,  10,  918.494,  85.0662,  2437307,  0,
32,  9,  144,  10,  917.106,  86.5446,  2469643,  0,
32,  10,  160,  10,  893.726,  75.4784,  2658138,  0,
32,  10,  160,  10,  892.897,  75.5352,  2663687,  0,
32,  11,  176,  10,  924.7,  68.8478,  2962611,  0,
32,  11,  176,  10,  923.993,  69.2034,  2935936,  0,
32,  12,  192,  10,  906.771,  61.0835,  3145472,  0,
32,  12,  192,  10,  907.779,  60.7775,  3140121,  0,
32,  13,  208,  10,  926.332,  55.9153,  3448098,  0,
32,  13,  208,  10,  926.201,  56.1378,  3432942,  0,
32,  14,  224,  10,  916.378,  49.2997,  3651022,  0,
32,  14,  224,  10,  917.112,  50.324,  3600521,  0,
32,  15,  240,  10,  926.911,  47.4299,  3880876,  0,
32,  15,  240,  10,  927.167,  47.5945,  3879047,  0,
32,  16,  256,  10,  921.967,  41.6991,  4080968,  0,
32,  16,  256,  10,  920.979,  41.9329,  4093482,  0,
32,  17,  272,  10,  928.195,  40.0341,  4385957,  0,
32,  17,  272,  10,  928.521,  40.5805,  4366934,  0,
32,  18,  288,  10,  923.417,  35.6041,  4587478,  0,
32,  18,  288,  10,  924.579,  35.3307,  4560279,  0,
32,  19,  304,  10,  928.365,  33.6874,  4843477,  0,
32,  19,  304,  10,  927.36,  34.7189,  4842265,  0,
32,  20,  320,  10,  926.158,  30.9845,  5058209,  0,
32,  20,  320,  10,  925.912,  30.4935,  5070084,  0,
32,  21,  336,  10,  928.417,  28.8747,  5355860,  0,
32,  21,  336,  10,  927.436,  30.0319,  5653843,  0,
32,  22,  352,  10,  925.565,  26.1309,  5598216,  0,
32,  22,  352,  10,  926.945,  25.931,  5656055,  0,
32,  23,  368,  10,  927.498,  26.159,  5862548,  0,
32,  23,  368,  10,  927.343,  25.9956,  5874135,  0,
32,  24,  384,  10,  927.105,  22.6657,  6074235,  0,
32,  24,  384,  10,  927.16,  23.241,  6071452,  0,
32,  25,  400,  10,  926.58,  22.3763,  6360255,  0,
32,  25,  400,  10,  926.451,  22.435,  6388866,  0,
32,  26,  416,  10,  926.896,  20.2634,  6589100,  0,
32,  26,  416,  10,  927.522,  19.4468,  6568387,  0,
32,  27,  432,  10,  927.39,  20.9073,  6902850,  0,
32,  27,  432,  10,  926.631,  19.7479,  6870844,  0,
32,  28,  448,  10,  927.113,  17.3984,  7086377,  0,
32,  28,  448,  10,  926.639,  17.0245,  7076260,  0,
32,  29,  464,  10,  926.479,  17.3165,  7433138,  0,
32,  29,  464,  10,  925.834,  18.3216,  7399341,  0,
32,  30,  480,  10,  926.561,  14.9524,  7594082,  0,
32,  30,  480,  10,  926.082,  15.1933,  7557625,  0,
32,  31,  496,  10,  926.203,  14.5739,  7849148,  0,
32,  31,  496,  10,  927.042,  15.8959,  7884900,  0,
32,  32,  512,  10,  926.812,  13.9972,  8073604,  0,
32,  32,  512,  10,  925.153,  13.5536,  8089774,  0,
32,  33,  528,  10,  925.089,  13.1751,  8401313,  0,
32,  33,  528,  10,  925.623,  14.0119,  8578631,  0,
32,  34,  544,  10,  924.824,  12.4654,  8660478,  0,
32,  34,  544,  10,  925.373,  12.3135,  8762446,  0,
32,  35,  560,  10,  924.227,  11.5756,  8906798,  0,
32,  35,  560,  10,  924.765,  12.2124,  8903959,  0,
32,  36,  576,  10,  925.663,  10.6882,  9114145,  0,
32,  36,  576,  10,  924.624,  10.7532,  9099266,  0,
32,  37,  592,  10,  925.69,  10.7253,  9383100,  0,
32,  37,  592,  10,  926.42,  10.8386,  9401573,  0,
32,  38,  608,  10,  924.789,  9.73609,  9599350,  0,
32,  38,  608,  10,  924.717,  9.62997,  9639699,  0,
32,  39,  624,  10,  924.531,  9.58236,  9880985,  0,
32,  39,  624,  10,  925.391,  9.80384,  9892940,  0,
32,  40,  640,  10,  924.132,  8.48331,  10087448,  0,
32,  40,  640,  10,  924.668,  9.11846,  10115400,  0,
32,  41,  656,  10,  924.007,  8.37286,  11545559,  0,
32,  41,  656,  10,  924.571,  8.17924,  10615156,  0,
32,  42,  672,  10,  925.098,  7.46209,  14443201,  0,
32,  42,  672,  10,  925.012,  7.46779,  10615009,  0,
32,  43,  688,  10,  923.522,  7.74375,  10971143,  0,
32,  43,  688,  10,  925.165,  7.61225,  11108049,  0,
32,  44,  704,  10,  922.732,  6.85844,  11114448,  0,
32,  44,  704,  10,  923.816,  7.19782,  11169246,  0,
32,  45,  720,  10,  924.208,  6.53632,  11470942,  0,
32,  45,  720,  10,  923.196,  6.17638,  11463812,  0,
32,  46,  736,  10,  923.465,  5.4475,  11691712,  0,
32,  46,  736,  10,  923.133,  6.37341,  11703114,  0,
32,  47,  752,  10,  923.615,  5.91395,  12773441,  0,
32,  47,  752,  10,  923.071,  5.99304,  11983959,  0,
32,  48,  768,  10,  922.572,  5.08183,  12274211,  0,
32,  48,  768,  10,  922.359,  5.17164,  12276540,  0,
32,  49,  784,  10,  923.158,  4.68383,  12577373,  0,
32,  49,  784,  10,  922.331,  5.26209,  12561575,  0,
32,  50,  800,  10,  922.293,  4.49193,  12808283,  0,
32,  50,  800,  10,  922.737,  4.72857,  12722799,  0,
32,  51,  816,  10,  923.247,  4.34845,  12572693,  0,
32,  51,  816,  10,  922.332,  4.32484,  12629074,  0,
32,  52,  832,  10,  922.369,  4.32748,  12838155,  0,
32,  52,  832,  10,  921.828,  4.01038,  12876175,  0,
32,  53,  848,  10,  922.259,  3.73979,  13312263,  0,
32,  53,  848,  10,  921.227,  4.23646,  13141926,  0,
32,  54,  864,  10,  921.502,  3.13093,  13413388,  0,
32,  54,  864,  10,  922.552,  3.61857,  13420737,  0,
32,  55,  880,  10,  921.378,  3.67557,  13610921,  0,
32,  55,  880,  10,  921.397,  3.34282,  14697089,  0,
32,  56,  896,  10,  921.828,  3.20062,  16590336,  0,
32,  56,  896,  10,  921.884,  2.54634,  13937045,  0,
32,  57,  912,  10,  921.897,  2.40766,  14222005,  0,
32,  57,  912,  10,  921.736,  2.55426,  14572717,  0,
32,  58,  928,  10,  921.344,  1.87662,  14308257,  0,
32,  58,  928,  10,  921.291,  2.261,  14352525,  0,
32,  59,  944,  10,  922.228,  2.41537,  20768339,  0,
32,  59,  944,  10,  921.24,  2.00599,  14435196,  0,
32,  60,  960,  10,  921.284,  2.05491,  14860552,  0,
32,  60,  960,  10,  921.392,  1.97739,  14772751,  0,
32,  61,  976,  10,  920.785,  2.17003,  15225737,  0,
32,  61,  976,  10,  920.919,  2.40545,  20034563,  0,
32,  62,  992,  10,  919.744,  1.70533,  23540419,  0,
32,  62,  992,  10,  919.68,  1.94997,  15363520,  0,
32,  63,  1008,  10,  920.851,  1.665,  17618258,  0,
32,  63,  1008,  10,  919.7,  1.29918,  15797869,  0,
32,  64,  1024,  10,  920.239,  1.45317,  15922314,  0,
32,  64,  1024,  10,  920.689,  1.42825,  17998354,  0,
32,  65,  1040,  10,  920.315,  1.51356,  16409796,  0,
32,  65,  1040,  10,  919.973,  1.57135,  16190884,  0,
32,  66,  1056,  10,  919.395,  1.33702,  16232545,  0,
32,  66,  1056,  10,  919.698,  1.31801,  17442739,  0,
32,  67,  1072,  10,  919.159,  1.09953,  16474341,  0,
32,  67,  1072,  10,  920.502,  1.06188,  16532345,  0,
32,  68,  1088,  10,  919.801,  0.996714,  16908895,  0,
32,  68,  1088,  10,  919.046,  0.856171,  17556767,  0,
32,  69,  1104,  10,  920.046,  0.936955,  17308896,  0,
32,  69,  1104,  10,  919.058,  0.85668,  17819476,  0,
32,  70,  1120,  10,  919.416,  0.766201,  17832418,  0,
32,  70,  1120,  10,  919.534,  0.76726,  17947762,  0,
32,  71,  1136,  10,  918.535,  0.69861,  17832011,  0,
32,  71,  1136,  10,  918.734,  0.725871,  17737450,  0,
32,  72,  1152,  10,  918.372,  0.594106,  17962403,  0,
32,  72,  1152,  10,  918.732,  0.541111,  17918008,  0,
32,  73,  1168,  10,  919.201,  0.643464,  18769766,  0,
32,  73,  1168,  10,  919.451,  0.794228,  18352833,  0,
32,  74,  1184,  10,  917.399,  0.454827,  18625127,  0,
32,  74,  1184,  10,  917.226,  0.720022,  20432576,  0,
32,  75,  1200,  10,  918.892,  0.482756,  19693877,  0,
32,  75,  1200,  10,  918.233,  0.422806,  18779492,  0,
64,  2,  64,  10,  848.858,  322.658,  1041858,  0,
64,  2,  64,  10,  847.945,  321.678,  1017981,  0,
64,  3,  96,  10,  1143.37,  233.047,  1350992,  0,
64,  3,  96,  10,  1143.32,  233.902,  1341311,  0,
64,  4,  128,  10,  1065.3,  193.513,  1605673,  0,
64,  4,  128,  10,  1065.49,  194.197,  1642281,  0,
64,  5,  160,  10,  1241.13,  154.387,  1949416,  0,
64,  5,  160,  10,  1241.64,  154.448,  1959892,  0,
64,  6,  192,  10,  1170.58,  133.062,  3166164,  0,
64,  6,  192,  10,  1171.44,  131.916,  2235505,  0,
64,  7,  224,  10,  1279.6,  112.251,  2589001,  0,
64,  7,  224,  10,  1280.59,  111.269,  2566879,  0,
64,  8,  256,  10,  1228.28,  96.3836,  2834595,  0,
64,  8,  256,  10,  1227.95,  95.9662,  2833666,  0,
64,  9,  288,  10,  1296.04,  85.3417,  3185938,  0,
64,  9,  288,  10,  1295.82,  85.0315,  3181318,  0,
64,  10,  320,  10,  1261.5,  74.0456,  3453457,  0,
64,  10,  320,  10,  1262.23,  74.1187,  3802142,  0,
64,  11,  352,  10,  1303.49,  67.9565,  3841092,  0,
64,  11,  352,  10,  1303.28,  67.8466,  3838819,  0,
64,  12,  384,  10,  1281.61,  58.6481,  4159512,  0,
64,  12,  384,  10,  1282.4,  58.9093,  4245167,  0,
64,  13,  416,  10,  1305.65,  54.3704,  4463054,  0,
64,  13,  416,  10,  1306.96,  55.0591,  4471993,  0,
64,  14,  448,  10,  1294.05,  47.8095,  4750097,  0,
64,  14,  448,  10,  1292.01,  48.4384,  4750003,  0,
64,  15,  480,  10,  1307.39,  45.5845,  5107793,  0,
64,  15,  480,  10,  1307.29,  45.8625,  5183394,  0,
64,  16,  512,  10,  1299.22,  39.8452,  5501949,  0,
64,  16,  512,  10,  1299.8,  39.7438,  5409666,  0,
64,  17,  544,  10,  1308.57,  39.2693,  6118333,  0,
64,  17,  544,  10,  1307.77,  38.2197,  5786255,  0,
64,  18,  576,  10,  1302.8,  33.4619,  6094383,  0,
64,  18,  576,  10,  1302.36,  32.7121,  6108869,  0,
64,  19,  608,  10,  1307.57,  31.9921,  6419100,  0,
64,  19,  608,  10,  1307.32,  32.4116,  6449520,  0,
64,  20,  640,  10,  1303.58,  28.885,  6713748,  0,
64,  20,  640,  10,  1304.25,  27.7867,  6686651,  0,
64,  21,  672,  10,  1306.93,  27.2042,  7086164,  0,
64,  21,  672,  10,  1306.74,  27.142,  7091140,  0,
64,  22,  704,  10,  1304.44,  24.0154,  8280435,  0,
64,  22,  704,  10,  1305.21,  23.3723,  7575010,  0,
64,  23,  736,  10,  1306.57,  22.8434,  7851300,  0,
64,  23,  736,  10,  1306.17,  23.3669,  7804945,  0,
64,  24,  768,  10,  1304.93,  20.6363,  8116131,  0,
64,  24,  768,  10,  1303.96,  20.2535,  8033712,  0,
64,  25,  800,  10,  1304.83,  19.4692,  8374292,  0,
64,  25,  800,  10,  1305.58,  19.5932,  8410684,  0,
64,  26,  832,  10,  1303.4,  17.6024,  13228175,  0,
64,  26,  832,  10,  1303.84,  16.7169,  8778988,  0,
64,  27,  864,  10,  1304.25,  17.0447,  9153844,  0,
64,  27,  864,  10,  1304.52,  16.3376,  9035596,  0,
64,  28,  896,  10,  1303.39,  14.5387,  14392118,  0,
64,  28,  896,  10,  1303.09,  15.06,  9458108,  0,
64,  29,  928,  10,  1303.65,  14.2692,  9752796,  0,
64,  29,  928,  10,  1302.9,  13.8849,  14017390,  0,
64,  30,  960,  10,  1302.34,  12.1212,  10093451,  0,
64,  30,  960,  10,  1302.65,  11.9614,  10224910,  0,
64,  31,  992,  10,  1301.78,  11.8852,  10399002,  0,
64,  31,  992,  10,  1301.76,  11.9297,  10503880,  0,
64,  32,  1024,  10,  1301.74,  10.4044,  10697280,  0,
64,  32,  1024,  10,  1301.7,  10.5562,  10755225,  0,
64,  33,  1056,  10,  1301.11,  10.9566,  11223083,  0,
64,  33,  1056,  10,  1299.92,  10.2703,  11182090,  0,
64,  34,  1088,  10,  1300.8,  8.7019,  11465398,  0,
64,  34,  1088,  10,  1300.07,  9.45216,  11427972,  0,
64,  35,  1120,  10,  1299.02,  8.75223,  11902616,  0,
64,  35,  1120,  10,  1299.61,  9.06557,  11839029,  0,
64,  36,  1152,  10,  1299.45,  7.52824,  12070061,  0,
64,  36,  1152,  10,  1298.81,  7.25168,  12126412,  0,
64,  37,  1184,  10,  1298.79,  7.30632,  12490977,  0,
64,  37,  1184,  10,  1298.77,  7.32135,  12502155,  0,
64,  38,  1216,  10,  1298.62,  5.95522,  12771812,  0,
64,  38,  1216,  10,  1299.03,  6.363,  12785575,  0,
64,  39,  1248,  10,  1297.35,  6.01903,  13189346,  0,
64,  39,  1248,  10,  1297.86,  5.89359,  13217031,  0,
64,  40,  1280,  10,  1297.85,  4.92582,  13471498,  0,
64,  40,  1280,  10,  1296.65,  4.88319,  14586092,  0,
64,  41,  1312,  10,  1297.6,  4.75494,  15989012,  0,
64,  41,  1312,  10,  1297.05,  4.76588,  13936345,  0,
64,  42,  1344,  10,  1296.19,  4.0534,  14511876,  0,
64,  42,  1344,  10,  1295.78,  3.875,  14257336,  0,
64,  43,  1376,  10,  1296.29,  4.46109,  16611766,  0,
64,  43,  1376,  10,  1294.8,  4.17317,  14552082,  0,
64,  44,  1408,  10,  1295.95,  3.1469,  15009517,  0,
64,  44,  1408,  10,  1295.88,  3.08971,  15098884,  0,
64,  45,  1440,  10,  1294.69,  3.39493,  15715035,  0,
64,  45,  1440,  10,  1295.58,  3.31466,  15462999,  0,
64,  46,  1472,  10,  1295.13,  2.40843,  15742932,  0,
64,  46,  1472,  10,  1293.85,  2.48718,  15590728,  0,
64,  47,  1504,  10,  1293.26,  2.39939,  16003610,  0,
64,  47,  1504,  10,  1293.19,  2.34532,  15985136,  0,
64,  48,  1536,  10,  1294.36,  2.12417,  16369075,  0,
64,  48,  1536,  10,  1294.48,  2.07756,  16312436,  0,
64,  49,  1568,  10,  1292.29,  1.84386,  22675141,  0,
64,  49,  1568,  10,  1292.81,  1.93196,  16762083,  0,
64,  50,  1600,  10,  1292.9,  1.42079,  17028629,  0,
64,  50,  1600,  10,  1291.74,  1.61209,  17056163,  0,
64,  51,  1632,  10,  1292.63,  1.52486,  17224252,  0,
64,  51,  1632,  10,  1291.44,  1.38796,  17159188,  0,
64,  52,  1664,  10,  1291.42,  1.03676,  17237143,  0,
64,  52,  1664,  10,  1291.41,  1.17455,  17642581,  0,
64,  53,  1696,  10,  1290.13,  1.18374,  17710068,  0,
64,  53,  1696,  10,  1290.87,  1.09029,  17947233,  0,
64,  54,  1728,  10,  1290.69,  0.836462,  19150172,  0,
64,  54,  1728,  10,  1290.67,  0.978311,  18134417,  0,
64,  55,  1760,  10,  1290.26,  0.82742,  18452732,  0,
64,  55,  1760,  10,  1288.94,  0.948077,  18468357,  0,
64,  56,  1792,  10,  1288.69,  0.700852,  19076676,  0,
64,  56,  1792,  10,  1288.49,  0.62103,  18793285,  0,
64,  57,  1824,  10,  1288.83,  0.673082,  19100909,  0,
64,  57,  1824,  10,  1288.88,  0.57463,  19099010,  0,
64,  58,  1856,  10,  1288.81,  0.47145,  22884973,  0,
64,  58,  1856,  10,  1287.61,  0.493342,  19512581,  0,
64,  59,  1888,  10,  1287.69,  0.423506,  19836281,  0,
64,  59,  1888,  10,  1287.01,  0.453926,  19898575,  0,
64,  60,  1920,  10,  1286.94,  0.367776,  20259098,  0,
64,  60,  1920,  10,  1285.69,  0.408168,  20328743,  0,
64,  61,  1952,  10,  1287.47,  0.342401,  20744700,  0,
64,  61,  1952,  10,  1285.76,  0.323992,  20688237,  0,
64,  62,  1984,  10,  1284.97,  0.242621,  21075086,  0,
64,  62,  1984,  10,  1285.47,  0.238213,  21065643,  0,
64,  63,  2016,  10,  1284.86,  0.247511,  21368094,  0,
64,  63,  2016,  10,  1286.11,  0.263102,  21478096,  0,
64,  64,  2048,  10,  1286.1,  0.179347,  21803304,  0,
64,  64,  2048,  10,  1284.08,  0.161178,  21789391,  0,
64,  65,  2080,  10,  1284.55,  0.188706,  22228898,  0,
64,  65,  2080,  10,  1284.22,  0.16756,  26091164,  0,
64,  66,  2112,  10,  1284.28,  0.13371,  22432570,  0,
64,  66,  2112,  10,  1282.83,  0.118881,  22454376,  0,
64,  67,  2144,  10,  1283.03,  0.147071,  22806710,  0,
64,  67,  2144,  10,  1283.02,  0.1255,  22773949,  0,
64,  68,  2176,  10,  1283.37,  0.0952985,  23376947,  0,
64,  68,  2176,  10,  1282.52,  0.0960738,  23443097,  0,
64,  69,  2208,  10,  1282.99,  0.0890901,  23839148,  0,
64,  69,  2208,  10,  1282.4,  0.0896192,  23855527,  0,
64,  70,  2240,  10,  1281.62,  0.0621025,  36379394,  0,
64,  70,  2240,  10,  1281.28,  0.0735631,  24131989,  0,
64,  71,  2272,  10,  1281.45,  0.0656448,  25062328,  0,
64,  71,  2272,  10,  1281.16,  0.0714961,  24429287,  0,
64,  72,  2304,  10,  1280.75,  0.0448905,  24883844,  0,
64,  72,  2304,  10,  1280.86,  0.0463186,  25215115,  0,
64,  73,  2336,  10,  1279.37,  0.0523113,  25370765,  0,
64,  73,  2336,  10,  1280.45,  0.0440462,  25359012,  0,
64,  74,  2368,  10,  1281.31,  0.0359633,  25771787,  0,
64,  74,  2368,  10,  1280.3,  0.0278676,  25662068,  0,
64,  75,  2400,  10,  1279.92,  0.0309597,  25950966,  0,
64,  75,  2400,  10,  1280.35,  0.0271879,  25942667,  0,
128,  2,  128,  10,  1202,  320.556,  1527886,  0,
128,  2,  128,  10,  1202.37,  320.899,  1520176,  0,
128,  3,  192,  10,  1617.07,  233.019,  3040233,  0,
128,  3,  192,  10,  1617.27,  233.061,  2005704,  0,
128,  4,  256,  10,  1505.76,  192.253,  2439830,  0,
128,  4,  256,  10,  1506.17,  191.759,  2444131,  0,
128,  5,  320,  10,  1753.39,  154.477,  2962993,  0,
128,  5,  320,  10,  1753.19,  154.586,  2959896,  0,
128,  6,  384,  10,  1652.83,  131.261,  3307160,  0,
128,  6,  384,  10,  1651.92,  129.687,  3326428,  0,
128,  7,  448,  10,  1804.85,  110.702,  3832364,  0,
128,  7,  448,  10,  1804.86,  110.986,  3822313,  0,
128,  8,  512,  10,  1732.49,  94.8504,  4269453,  0,
128,  8,  512,  10,  1732.53,  94.9325,  4279906,  0,
128,  9,  576,  10,  1826.9,  84.1022,  4812670,  0,
128,  9,  576,  10,  1826.73,  85.0401,  4927642,  0,
128,  10,  640,  10,  1777.47,  71.7302,  5395238,  0,
128,  10,  640,  10,  1778.17,  71.3681,  5382852,  0,
128,  11,  704,  10,  1836.16,  65.8752,  6807389,  0,
128,  11,  704,  10,  1835.52,  65.3007,  6162845,  0,
128,  12,  768,  10,  1804.71,  56.6592,  7204420,  0,
128,  12,  768,  10,  1804.58,  56.4068,  6556721,  0,
128,  13,  832,  10,  1839.24,  52.892,  7024539,  0,
128,  13,  832,  10,  1839.31,  52.4192,  7012338,  0,
128,  14,  896,  10,  1820.41,  45.6683,  7557800,  0,
128,  14,  896,  10,  1819.18,  45.3818,  7520618,  0,
128,  15,  960,  10,  1839.71,  42.4195,  8089469,  0,
128,  15,  960,  10,  1839.24,  42.9409,  9412967,  0,
128,  16,  1024,  10,  1827.2,  36.3786,  8587791,  0,
128,  16,  1024,  10,  1826.62,  36.6689,  9016573,  0,
128,  17,  1088,  10,  1837.77,  34.17,  9207382,  0,
128,  17,  1088,  10,  1838.13,  34.4812,  9433521,  0,
128,  18,  1152,  10,  1830.17,  29.2372,  9626293,  0,
128,  18,  1152,  10,  1828.61,  29.3518,  9610728,  0,
128,  19,  1216,  10,  1835.13,  28.2274,  10217822,  0,
128,  19,  1216,  10,  1836.36,  27.3079,  13206191,  0,
128,  20,  1280,  10,  1829.92,  23.4147,  10676396,  0,
128,  20,  1280,  10,  1831,  23.933,  11973637,  0,
128,  21,  1344,  10,  1833.14,  23.4242,  11795675,  0,
128,  21,  1344,  10,  1832.93,  22.6827,  11398625,  0,
128,  22,  1408,  10,  1828.85,  18.8977,  12011319,  0,
128,  22,  1408,  10,  1828.77,  19.232,  11950238,  0,
128,  23,  1472,  10,  1829.54,  18.61,  12526375,  0,
128,  23,  1472,  10,  1830,  19.0029,  12693941,  0,
128,  24,  1536,  10,  1827.87,  15.6845,  16378981,  0,
128,  24,  1536,  10,  1826.43,  15.2426,  12934780,  0,
128,  25,  1600,  10,  1827.09,  15.5633,  13500313,  0,
128,  25,  1600,  10,  1827.99,  15.3097,  13533728,  0,
128,  26,  1664,  10,  1825.8,  11.6416,  14162127,  0,
128,  26,  1664,  10,  1825.99,  12.2572,  14181088,  0,
128,  27,  1728,  10,  1823.58,  12.1673,  14738428,  0,
128,  27,  1728,  10,  1824.35,  11.7149,  14649846,  0,
128,  28,  1792,  10,  1821.65,  9.48424,  15565945,  0,
128,  28,  1792,  10,  1822.11,  9.64151,  15375668,  0,
128,  29,  1856,  10,  1821.03,  9.18886,  16041620,  0,
128,  29,  1856,  10,  1821.35,  9.55642,  15819868,  0,
128,  30,  1920,  10,  1820.62,  7.28384,  22606293,  0,
128,  30,  1920,  10,  1820.17,  7.4167,  16608643,  0,
128,  31,  1984,  10,  1818.07,  6.92463,  17751416,  0,
128,  31,  1984,  10,  1818.85,  7.10501,  17241271,  0,
128,  32,  2048,  10,  1817.15,  5.33945,  20462146,  0,
128,  32,  2048,  10,  1816.81,  5.67613,  17944025,  0,
128,  33,  2112,  10,  1816.1,  5.53731,  18526011,  0,
128,  33,  2112,  10,  1815.18,  5.45819,  19587834,  0,
128,  34,  2176,  10,  1815.13,  4.08314,  19129755,  0,
128,  34,  2176,  10,  1814.15,  4.23275,  19083046,  0,
128,  35,  2240,  10,  1812.13,  4.13512,  19712212,  0,
128,  35,  2240,  10,  1812.91,  4.11543,  19666853,  0,
128,  36,  2304,  10,  1811.53,  3.29879,  20497877,  0,
128,  36,  2304,  10,  1810.2,  3.23588,  21642943,  0,
128,  37,  2368,  10,  1809.32,  2.91059,  20669138,  0,
128,  37,  2368,  10,  1810.38,  3.02186,  21032085,  0,
128,  38,  2432,  10,  1807.88,  2.25711,  21436161,  0,
128,  38,  2432,  10,  1808.38,  2.32268,  21442720,  0,
128,  39,  2496,  10,  1807.36,  1.93927,  22110989,  0,
128,  39,  2496,  10,  1806.27,  2.07157,  22085840,  0,
128,  40,  2560,  10,  1805.28,  1.54879,  23015453,  0,
128,  40,  2560,  10,  1805.96,  1.48058,  22822694,  0,
128,  41,  2624,  10,  1804.45,  1.50812,  23587553,  0,
128,  41,  2624,  10,  1804.72,  1.54062,  23790214,  0,
128,  42,  2688,  10,  1801.99,  1.10119,  24080459,  0,
128,  42,  2688,  10,  1802.05,  1.04302,  25215707,  0,
128,  43,  2752,  10,  1800.54,  0.995833,  24443127,  0,
128,  43,  2752,  10,  1799.92,  1.04166,  24545261,  0,
128,  44,  2816,  10,  1800.01,  0.696011,  25177006,  0,
128,  44,  2816,  10,  1799.94,  0.689826,  25215823,  0,
128,  45,  2880,  10,  1797.53,  0.692124,  26036143,  0,
128,  45,  2880,  10,  1798.14,  0.650131,  25951380,  0,
128,  46,  2944,  10,  1795.59,  0.490748,  26686282,  0,
128,  46,  2944,  10,  1794.56,  0.461401,  26422137,  0,
128,  47,  3008,  10,  1795.03,  0.493873,  27082154,  0,
128,  47,  3008,  10,  1793.91,  0.468495,  27203502,  0,
128,  48,  3072,  10,  1793.56,  0.310315,  28862329,  0,
128,  48,  3072,  10,  1793.4,  0.310334,  27986772,  0,
128,  49,  3136,  10,  1792.23,  0.321895,  44466718,  0,
128,  49,  3136,  10,  1791.96,  0.31587,  28428704,  0,
128,  50,  3200,  10,  1790.76,  0.230977,  29173377,  0,
128,  50,  3200,  10,  1790.58,  0.192503,  37474780,  0,
128,  51,  3264,  10,  1788.55,  0.215246,  29409918,  0,
128,  51,  3264,  10,  1788.12,  0.195654,  29364445,  0,
128,  52,  3328,  10,  1787.54,  0.137813,  38156737,  0,
128,  52,  3328,  10,  1787.01,  0.121759,  30136668,  0,
128,  53,  3392,  10,  1785.85,  0.134376,  30724908,  0,
128,  53,  3392,  10,  1786.33,  0.123674,  30946956,  0,
128,  54,  3456,  10,  1784.44,  0.0888927,  31637696,  0,
128,  54,  3456,  10,  1785.09,  0.0853759,  31624424,  0,
128,  55,  3520,  10,  1782.75,  0.0852895,  32332409,  0,
128,  55,  3520,  10,  1782.86,  0.0816137,  32349786,  0,
128,  56,  3584,  10,  1782.72,  0.0519305,  33170518,  0,
128,  56,  3584,  10,  1781.86,  0.0540915,  33138812,  0,
128,  57,  3648,  10,  1780.49,  0.0517807,  33859930,  0,
128,  57,  3648,  10,  1779.68,  0.0506214,  33740006,  0,
128,  58,  3712,  10,  1779.22,  0.0328235,  34655742,  0,
128,  58,  3712,  10,  1778.92,  0.032569,  34607661,  0,
128,  59,  3776,  10,  1777.18,  0.0328788,  35238417,  0,
128,  59,  3776,  10,  1777.52,  0.0319319,  35276875,  0,
128,  60,  3840,  10,  1775.91,  0.018441,  36087610,  0,
128,  60,  3840,  10,  1775.96,  0.0194121,  36101609,  0,
128,  61,  3904,  10,  1773.96,  0.0209014,  45629296,  0,
128,  61,  3904,  10,  1773.8,  0.0211313,  36946037,  0,
128,  62,  3968,  10,  1772.37,  0.0129396,  37935065,  0,
128,  62,  3968,  10,  1772.53,  0.0122555,  37940104,  0,
128,  63,  4032,  10,  1770.62,  0.0112176,  38203615,  0,
128,  63,  4032,  10,  1771.15,  0.0121049,  38247728,  0,
128,  64,  4096,  10,  1769.34,  0.00741075,  40159988,  0,
128,  64,  4096,  10,  1769.66,  0.00708575,  40212288,  0,
128,  65,  4160,  10,  1768.63,  0.00743577,  40014049,  0,
128,  65,  4160,  10,  1767.86,  0.00718966,  39882348,  0,
128,  66,  4224,  10,  1766.04,  0.00448129,  40808289,  0,
128,  66,  4224,  10,  1766.56,  0.00470924,  40938337,  0,
128,  67,  4288,  10,  1766.25,  0.00410583,  42375091,  0,
128,  67,  4288,  10,  1764.67,  0.00425711,  41756847,  0,
128,  68,  4352,  10,  1762.5,  0.00287869,  42405196,  0,
128,  68,  4352,  10,  1763.22,  0.00276493,  42506553,  0,
128,  69,  4416,  10,  1761.67,  0.00239556,  43348276,  0,
128,  69,  4416,  10,  1762.19,  0.0025626,  43391047,  0,
128,  70,  4480,  10,  1760.68,  0.00144907,  44033071,  0,
128,  70,  4480,  10,  1761.57,  0.00152924,  44123267,  0,
128,  71,  4544,  10,  1759.17,  0.00156573,  44983339,  0,
128,  71,  4544,  10,  1758.5,  0.00143604,  45112961,  0,
128,  72,  4608,  10,  1758.11,  0.000874951,  46250001,  0,
128,  72,  4608,  10,  1756.88,  0.000862854,  49274477,  0,
128,  73,  4672,  10,  1755.62,  0.000876261,  46777024,  0,
128,  73,  4672,  10,  1756.42,  0.000820224,  47017737,  0,
128,  74,  4736,  10,  1755.5,  0.000512724,  51945705,  0,
128,  74,  4736,  10,  1754.11,  0.000511826,  47307488,  0,
128,  75,  4800,  10,  1752.51,  0.000453481,  48386517,  0,
128,  75,  4800,  10,  1752.49,  0.000489206,  48336872,  0,
256,  2,  256,  10,  1698.83,  318.564,  5721989,  537063917,
256,  2,  256,  10,  1699.06,  319.311,  5482709,  537063917,
256,  3,  384,  10,  2283.46,  231.996,  7536623,  537063917,
256,  3,  384,  10,  2283.18,  231.533,  7768174,  537063917,
256,  4,  512,  10,  2123.26,  190.029,  9682263,  537063917,
256,  4,  512,  10,  2122.66,  189.706,  10835363,  537063917,
256,  5,  640,  10,  2469.29,  152.677,  11378200,  537063917,
256,  5,  640,  10,  2470.11,  152.098,  11714986,  537063917,
256,  6,  768,  10,  2325.66,  127.072,  12992559,  537063917,
256,  6,  768,  10,  2325.34,  127.94,  13131974,  537063917,
256,  7,  896,  10,  2538.58,  108.708,  17872452,  537063917,
256,  7,  896,  10,  2539.49,  108.993,  16497952,  537063917,
256,  8,  1024,  10,  2434.77,  91.3974,  17821562,  537063917,
256,  8,  1024,  10,  2434.49,  90.9954,  18561356,  537063917,
256,  9,  1152,  10,  2564.83,  80.8102,  20098694,  537063917,
256,  9,  1152,  10,  2565.83,  81.266,  20199847,  537063917,
256,  10,  1280,  10,  2495.46,  68.0474,  21127844,  537063917,
256,  10,  1280,  10,  2495.22,  67.8706,  20991939,  537063917,
256,  11,  1408,  10,  2573.82,  62.594,  25606496,  537063917,
256,  11,  1408,  10,  2573.49,  62.3879,  23089773,  537063917,
256,  12,  1536,  10,  2528.22,  51.8496,  24130960,  537063917,
256,  12,  1536,  10,  2527.1,  51.1944,  24984475,  537063917,
256,  13,  1664,  10,  2574.25,  48.6703,  27123308,  537063917,
256,  13,  1664,  10,  2574.8,  48.4458,  28128029,  537063917,
256,  14,  1792,  10,  2545.01,  38.5871,  31944905,  537063917,
256,  14,  1792,  10,  2544.89,  39.9709,  29347305,  537063917,
256,  15,  1920,  10,  2570.22,  37.5749,  32994273,  537063917,
256,  15,  1920,  10,  2569.67,  37.6761,  34136208,  537063917,
256,  16,  2048,  10,  2550.7,  30.0374,  37077718,  537063917,
256,  16,  2048,  10,  2551.3,  30.2749,  31451653,  537063917,
256,  17,  2176,  10,  2562.84,  29.1568,  37016056,  537063917,
256,  17,  2176,  10,  2563.2,  28.6916,  39005609,  537063917,
256,  18,  2304,  10,  2551.35,  22.2728,  38805758,  537063917,
256,  18,  2304,  10,  2549.08,  22.8816,  40333604,  537063917,
256,  19,  2432,  10,  2556.52,  22.0284,  45748427,  537063917,
256,  19,  2432,  10,  2557.08,  21.738,  40794616,  537063917,
256,  20,  2560,  10,  2547.52,  16.2506,  41259490,  537063917,
256,  20,  2560,  10,  2546.45,  17.2512,  43386667,  537063917,
256,  21,  2688,  10,  2549.75,  16.6061,  48296536,  537063917,
256,  21,  2688,  10,  2549.76,  16.3227,  49679169,  537063917,
256,  22,  2816,  10,  2541.19,  12.6553,  47739067,  537063917,
256,  22,  2816,  10,  2541.38,  12.1632,  45569529,  537063917,
256,  23,  2944,  10,  2540.18,  12.1842,  52935869,  537063917,
256,  23,  2944,  10,  2540.65,  11.5351,  53748799,  537063917,
256,  24,  3072,  10,  2535.22,  8.50596,  57615627,  537063917,
256,  24,  3072,  10,  2534.84,  8.44106,  51284753,  537063917,
256,  25,  3200,  10,  2532.49,  8.26448,  55520984,  537063917,
256,  25,  3200,  10,  2532.17,  8.26698,  59459327,  537063917,
256,  26,  3328,  10,  2527.48,  5.93773,  59189012,  537063917,
256,  26,  3328,  10,  2526.95,  6.17927,  59274161,  537063917,
256,  27,  3456,  10,  2522.41,  5.78973,  64982413,  537063917,
256,  27,  3456,  10,  2523.36,  5.45604,  65562257,  537063917,
256,  28,  3584,  10,  2520.25,  3.86537,  67168928,  537063917,
256,  28,  3584,  10,  2518.68,  3.95711,  66087073,  537063917,
256,  29,  3712,  10,  2515.72,  3.65597,  67171927,  537063917,
256,  29,  3712,  10,  2515.5,  3.69159,  61660937,  537063917,
256,  30,  3840,  10,  2510.95,  2.52122,  62603220,  537063917,
256,  30,  3840,  10,  2510.36,  2.41822,  70266472,  537063917,
256,  31,  3968,  10,  2507.19,  2.43114,  77124671,  537063917,
256,  31,  3968,  10,  2507.59,  2.42278,  81698157,  537063917,
256,  32,  4096,  10,  2502.76,  1.61718,  82295294,  537063917,
256,  32,  4096,  10,  2502.37,  1.57348,  77929590,  537063917,
256,  33,  4224,  10,  2498.67,  1.46477,  75635261,  537063917,
256,  33,  4224,  10,  2498.51,  1.52551,  79005518,  537063917,
256,  34,  4352,  10,  2493.51,  0.938761,  78485734,  537063917,
256,  34,  4352,  10,  2494.09,  0.934385,  81319994,  537063917,
256,  35,  4480,  10,  2489.21,  0.861339,  87129344,  537063917,
256,  35,  4480,  10,  2489.45,  0.919698,  87950980,  537063917,
256,  36,  4608,  10,  2486.07,  0.56084,  86408675,  537063917,
256,  36,  4608,  10,  2485.8,  0.539094,  88615975,  537063917,
256,  37,  4736,  10,  2481.04,  0.551141,  93153094,  537063917,
256,  37,  4736,  10,  2481.26,  0.567718,  92622056,  537063917,
256,  38,  4864,  10,  2477.74,  0.301817,  94062648,  537063917,
256,  38,  4864,  10,  2477.1,  0.323982,  95794859,  537063917,
256,  39,  4992,  10,  2472.71,  0.306996,  108123260,  537063917,
256,  39,  4992,  10,  2473.63,  0.308995,  99869615,  537063917,
256,  40,  5120,  10,  2467.74,  0.185592,  94857788,  537063917,
256,  40,  5120,  10,  2468.07,  0.181614,  102219934,  537063917,
256,  41,  5248,  10,  2463.88,  0.174987,  108957549,  537063917,
256,  41,  5248,  10,  2462.83,  0.172991,  107948758,  537063917,
256,  42,  5376,  10,  2459.96,  0.10952,  109198572,  537063917,
256,  42,  5376,  10,  2458.87,  0.0964403,  117714768,  537063917,
256,  43,  5504,  10,  2455.87,  0.0967335,  119426437,  537063917,
256,  43,  5504,  10,  2455.55,  0.0993218,  113652018,  537063917,
256,  44,  5632,  10,  2450.64,  0.0566476,  120087046,  537063917,
256,  44,  5632,  10,  2449.56,  0.0571538,  116205428,  537063917,
256,  45,  5760,  10,  2445.27,  0.0525908,  120980198,  537063917,
256,  45,  5760,  10,  2446.34,  0.054142,  126465884,  537063917,
256,  46,  5888,  10,  2442.39,  0.0309945,  112756685,  537063917,
256,  46,  5888,  10,  2441.64,  0.0293511,  118042800,  537063917,
256,  47,  6016,  10,  2436.84,  0.027766,  126803497,  537063917,
256,  47,  6016,  10,  2438.2,  0.0275587,  134989910,  537063917,
256,  48,  6144,  10,  2433.74,  0.0162829,  124349200,  537063917,
256,  48,  6144,  10,  2432.94,  0.016597,  124851308,  537063917,
256,  49,  6272,  10,  2428.76,  0.0156155,  141623895,  537063917,
256,  49,  6272,  10,  2429.34,  0.0146791,  135838842,  537063917,
256,  50,  6400,  10,  2424.18,  0.00816022,  134174202,  537063917,
256,  50,  6400,  10,  2423.73,  0.00888574,  134269643,  537063917,
256,  51,  6528,  10,  2419.93,  0.00785861,  103014616,  0,
256,  51,  6528,  10,  2419.36,  0.00800764,  99421183,  0,
256,  52,  6656,  10,  2415.78,  0.00434581,  97853164,  0,
256,  52,  6656,  10,  2415.67,  0.00395398,  101054993,  0,
256,  53,  6784,  10,  2411.81,  0.00384894,  104559496,  0,
256,  53,  6784,  10,  2411.91,  0.00402368,  102843748,  0,
256,  54,  6912,  10,  2407.08,  0.00227897,  101328441,  0,
256,  54,  6912,  10,  2406.67,  0.0020222,  103354707,  0,
256,  55,  7040,  10,  2402.05,  0.00199773,  110327719,  0,
256,  55,  7040,  10,  2402.78,  0.00191133,  110471079,  0,
256,  56,  7168,  10,  2397.02,  0.00108094,  109980599,  0,
256,  56,  7168,  10,  2397.09,  0.00102799,  108774930,  0,
256,  57,  7296,  10,  2392.82,  0.000959737,  115095332,  0,
256,  57,  7296,  10,  2393.1,  0.000981645,  115851238,  0,
256,  58,  7424,  10,  2389.24,  0.000525453,  112193805,  0,
256,  58,  7424,  10,  2388.53,  0.000521604,  112463468,  0,
256,  59,  7552,  10,  2383.56,  0.000451748,  121298186,  0,
256,  59,  7552,  10,  2384.06,  0.000448304,  122112767,  0,
256,  60,  7680,  10,  2379.95,  0.000238672,  121762848,  0,
256,  60,  7680,  10,  2379.75,  0.000229172,  118592712,  0,
256,  61,  7808,  10,  2375.14,  0.000225651,  129659464,  0,
256,  61,  7808,  10,  2375.45,  0.000228795,  131787240,  0,
256,  62,  7936,  10,  2370.81,  0.000112317,  125866333,  0,
256,  62,  7936,  10,  2370.4,  0.000118891,  126092274,  0,
256,  63,  8064,  10,  2366.11,  0.000106815,  137767370,  0,
256,  63,  8064,  10,  2365.16,  0.000105517,  137618015,  0,
256,  64,  8192,  10,  2361.34,  5.02081e-05,  144564615,  0,
256,  64,  8192,  10,  2361.26,  5.27795e-05,  138948600,  0,
256,  65,  8320,  10,  2357.17,  4.83636e-05,  146886494,  0,
256,  65,  8320,  10,  2356.76,  4.83281e-05,  145699892,  0,
256,  66,  8448,  10,  2352.02,  2.48161e-05,  137107199,  0,
256,  66,  8448,  10,  2352.99,  2.5203e-05,  136385642,  0,
256,  67,  8576,  10,  2347.21,  2.17821e-05,  152320291,  0,
256,  67,  8576,  10,  2347.53,  2.26235e-05,  155039905,  0,
256,  68,  8704,  10,  2342.88,  9.96389e-06,  145690169,  0,
256,  68,  8704,  10,  2343.73,  1.07038e-05,  145514986,  0,
256,  69,  8832,  10,  2338.26,  1.05163e-05,  162132903,  0,
256,  69,  8832,  10,  2338.79,  1.00817e-05,  162505495,  0,
256,  70,  8960,  10,  2334.31,  4.89584e-06,  163842070,  0,
256,  70,  8960,  10,  2333.73,  4.94555e-06,  164145344,  0,
256,  71,  9088,  10,  2329.14,  4.38058e-06,  172260210,  0,
256,  71,  9088,  10,  2329.45,  4.24069e-06,  170082017,  0,
256,  72,  9216,  10,  2325.04,  2.10855e-06,  164147955,  0,
256,  72,  9216,  10,  2325.32,  1.96053e-06,  166054034,  0,
256,  73,  9344,  10,  2321.32,  1.9613e-06,  181751223,  0,
256,  73,  9344,  10,  2319.59,  1.87673e-06,  180196056,  0,
256,  74,  9472,  10,  2315.9,  8.7625e-07,  168050696,  0,
256,  74,  9472,  10,  2316,  9.12261e-07,  168737384,  0,
256,  75,  9600,  10,  2311.33,  7.95367e-07,  185663451,  0,
256,  75,  9600,  10,  2311.47,  7.74427e-07,  188992124,  0,
512,  2,  512,  10,  2393.14,  315.955,  10126428,  537063917,
512,  2,  512,  10,  2393.07,  315.592,  11699692,  537063917,
512,  3,  768,  10,  3213.91,  230.716,  14636220,  537063917,
512,  3,  768,  10,  3213.66,  229.633,  16373866,  537063917,
512,  4,  1024,  10,  2982.16,  186.683,  17794436,  537063917,
512,  4,  1024,  10,  2981.03,  186.484,  17989011,  537063917,
512,  5,  1280,  10,  3465.18,  149.514,  22925731,  537063917,
512,  5,  1280,  10,  3465.65,  150.169,  21611633,  537063917,
512,  6,  1536,  10,  3256.1,  121.892,  26279668,  537063917,
512,  6,  1536,  10,  3255.11,  121.914,  26137896,  537063917,
512,  7,  1792,  10,  3552.34,  105.086,  30343023,  537063917,
512,  7,  1792,  10,  3551.5,  105.008,  31142565,  537063917,
512,  8,  2048,  10,  3398.93,  84.5592,  33806718,  537063917,
512,  8,  2048,  10,  3398.67,  84.5003,  36008204,  537063917,
512,  9,  2304,  10,  3576.99,  76.8294,  37904381,  537063917,
512,  9,  2304,  10,  3576.82,  76.1571,  39500518,  537063917,
512,  10,  2560,  10,  3473.07,  60.1697,  44107304,  537063917,
512,  10,  2560,  10,  3471.94,  59.7759,  41546611,  537063917,
512,  11,  2816,  10,  3576.79,  55.7665,  45813654,  537063917,
512,  11,  2816,  10,  3575.81,  55.5814,  48183936,  537063917,
512,  12,  3072,  10,  3506.1,  42.1327,  53050603,  537063917,
512,  12,  3072,  10,  3507.97,  42.7676,  58397577,  537063917,
512,  13,  3328,  10,  3563.26,  40.5208,  59452253,  537063917,
512,  13,  3328,  10,  3564.86,  39.9172,  59881785,  537063917,
512,  14,  3584,  10,  3516.59,  29.9613,  61669719,  537063917,
512,  14,  3584,  10,  3516.54,  29.8232,  60203820,  537063917,
512,  15,  3840,  10,  3546.17,  27.691,  66994703,  537063917,
512,  15,  3840,  10,  3544.3,  27.9486,  70016543,  537063917,
512,  16,  4096,  10,  3512.77,  20.3474,  71781082,  537063917,
512,  16,  4096,  10,  3512.71,  19.9777,  73266379,  537063917,
512,  17,  4352,  10,  3523.6,  19.2482,  77187126,  537063917,
512,  17,  4352,  10,  3524.48,  19.4796,  78778613,  537063917,
512,  18,  4608,  10,  3500.59,  13.1443,  83801687,  537063917,
512,  18,  4608,  10,  3499.82,  13.2586,  81245920,  537063917,
512,  19,  4864,  10,  3501.13,  12.0581,  86779131,  537063917,
512,  19,  4864,  10,  3500.29,  12.5142,  89341141,  537063917,
512,  20,  5120,  10,  3482.38,  8.09766,  99880632,  537063917,
512,  20,  5120,  10,  3482.81,  8.02513,  96305331,  537063917,
512,  21,  5376,  10,  3477.78,  7.2803,  99894088,  537063917,
512,  21,  5376,  10,  3478.37,  7.39407,  104044703,  537063917,
512,  22,  5632,  10,  3461.06,  4.46938,  104075925,  537063917,
512,  22,  5632,  10,  3461.43,  4.64061,  106320243,  537063917,
512,  23,  5888,  10,  3453.31,  4.25068,  120714305,  537063917,
512,  23,  5888,  10,  3452.07,  4.41557,  116677018,  537063917,
512,  24,  6144,  10,  3438.31,  2.44273,  128364850,  537063917,
512,  24,  6144,  10,  3437.95,  2.5559,  118337896,  537063917,
512,  25,  6400,  10,  3428.16,  2.33474,  134828871,  537063917,
512,  25,  6400,  10,  3428.31,  2.33925,  133333415,  537063917,
512,  26,  6656,  10,  3414.71,  1.34674,  133611219,  537063917,
512,  26,  6656,  10,  3415.25,  1.33993,  134862106,  537063917,
512,  27,  6912,  10,  3403.9,  1.259,  140672334,  537063917,
512,  27,  6912,  10,  3403.02,  1.25432,  149479247,  537063917,
512,  28,  7168,  10,  3390.37,  0.691328,  152192204,  537063917,
512,  28,  7168,  10,  3389.96,  0.708341,  145897685,  537063917,
512,  29,  7424,  10,  3377.22,  0.663706,  174347977,  537063917,
512,  29,  7424,  10,  3378.09,  0.614547,  175874662,  537063917,
512,  30,  7680,  10,  3365.06,  0.349806,  171881867,  537063917,
512,  30,  7680,  10,  3365.75,  0.349043,  185800368,  537063917,
512,  31,  7936,  10,  3352.3,  0.313685,  196867495,  537063917,
512,  31,  7936,  10,  3352.66,  0.312513,  183851636,  537063917,
512,  32,  8192,  10,  3338.9,  0.16612,  185657679,  537063917,
512,  32,  8192,  10,  3340.38,  0.162501,  185147827,  537063917,
512,  33,  8448,  10,  3326.52,  0.146548,  225900734,  537063917,
512,  33,  8448,  10,  3326.07,  0.151876,  235290797,  537063917,
512,  34,  8704,  10,  3314.14,  0.0741588,  201815808,  537063917,
512,  34,  8704,  10,  3314.54,  0.0755431,  200386434,  537063917,
512,  35,  8960,  10,  3300.7,  0.0686709,  237479841,  537063917,
512,  35,  8960,  10,  3300.4,  0.0692729,  258555026,  537063917,
512,  36,  9216,  10,  3286.96,  0.0336154,  224534550,  537063917,
512,  36,  9216,  10,  3287.87,  0.033691,  222358305,  537063917,
512,  37,  9472,  10,  3274.76,  0.0299727,  287823352,  537063917,
512,  37,  9472,  10,  3274.8,  0.0305427,  288292577,  537063917,
512,  38,  9728,  10,  3262.59,  0.0143418,  237285975,  537063917,
512,  38,  9728,  10,  3262.1,  0.0145409,  250866855,  537063917,
512,  39,  9984,  10,  3248.22,  0.0125127,  312624615,  537063917,
512,  39,  9984,  10,  3248.78,  0.0127164,  311528111,  537063917,
512,  40,  10240,  10,  3235.47,  0.0058622,  261644729,  537063917,
512,  40,  10240,  10,  3235.14,  0.00605087,  261369854,  537063917,
512,  41,  10496,  10,  3221.58,  0.00571377,  306487497,  537063917,
512,  41,  10496,  10,  3223.33,  0.00535728,  327285651,  537063917,
512,  42,  10752,  10,  3209.32,  0.00239697,  284105190,  537063917,
512,  42,  10752,  10,  3208.56,  0.00253814,  305356831,  537063917,
512,  43,  11008,  10,  3195.4,  0.00222118,  366863373,  537063917,
512,  43,  11008,  10,  3196.11,  0.00215628,  380535141,  537063917,
512,  44,  11264,  10,  3180.79,  0.0009502,  310381145,  537063917,
512,  44,  11264,  10,  3181.92,  0.000958456,  318609021,  537063917,
512,  45,  11520,  10,  3168.82,  0.00086599,  387104173,  537063917,
512,  45,  11520,  10,  3168.82,  0.00086599,  387104173,  537063917,
512,  46,  11776,  10,  3154.73,  0.000382557,  347071273,  517627648,
512,  46,  11776,  10,  3153.84,  0.000370831,  346047681,  517627648,
512,  47,  12032,  10,  3140.76,  0.000318911,  456742096,  517627648,
512,  47,  12032,  10,  3141.99,  0.000350628,  450022719,  517627648,
512,  48,  12288,  10,  3128.23,  0.000141437,  361300346,  517627648,
512,  48,  12288,  10,  3127.56,  0.000138692,  364904905,  517627648,
512,  49,  12544,  10,  3113.39,  0.000118822,  420871227,  517627648,
512,  49,  12544,  10,  3114.56,  0.000126996,  520107279,  517627648,
512,  50,  12800,  10,  3100.25,  4.89309e-05,  428999829,  517627648,
512,  50,  12800,  10,  3101.19,  5.04872e-05,  402894398,  517627648,
512,  51,  13056,  10,  3086.23,  4.6124e-05,  346541926,  0,
512,  51,  13056,  10,  3086.28,  4.51029e-05,  317053533,  0,
512,  52,  13312,  10,  3072.87,  1.75627e-05,  322524931,  0,
512,  52,  13312,  10,  3072.79,  1.79139e-05,  313539922,  0,
512,  53,  13568,  10,  3058.11,  1.56446e-05,  323029765,  0,
512,  53,  13568,  10,  3058.27,  1.68523e-05,  373247205,  0,
512,  54,  13824,  10,  3043.71,  6.18643e-06,  344291568,  0,
512,  54,  13824,  10,  3044.28,  6.30013e-06,  345681396,  0,
512,  55,  14080,  10,  3029.59,  5.26292e-06,  404444100,  0,
512,  55,  14080,  10,  3031.21,  5.41975e-06,  353883945,  0,
512,  56,  14336,  10,  3017.04,  2.03823e-06,  371294234,  0,
512,  56,  14336,  10,  3015.41,  2.14328e-06,  369341671,  0,
512,  57,  14592,  10,  3002.56,  1.7618e-06,  435411333,  0,
512,  57,  14592,  10,  3002.54,  1.84703e-06,  411316001,  0,
512,  58,  14848,  10,  2987.09,  6.76922e-07,  392634995,  0,
512,  58,  14848,  10,  2988.43,  6.49187e-07,  382540439,  0,
512,  59,  15104,  10,  2974.04,  6.08429e-07,  475040015,  0,
512,  59,  15104,  10,  2973,  5.94192e-07,  464895977,  0,
512,  60,  15360,  10,  2959.2,  2.30382e-07,  418622484,  0,
512,  60,  15360,  10,  2958.04,  2.23899e-07,  417065127,  0,
512,  61,  15616,  10,  2944.6,  1.90006e-07,  495137304,  0,
512,  61,  15616,  10,  2944.18,  1.76862e-07,  498849848,  0,
512,  62,  15872,  10,  2929.84,  6.6449e-08,  431521455,  0,
512,  62,  15872,  10,  2930.14,  6.72093e-08,  484875731,  0,
512,  63,  16128,  10,  2914.49,  5.98612e-08,  552846067,  0,
512,  63,  16128,  10,  2914.55,  5.8209e-08,  438548503,  0,
512,  64,  16384,  10,  2900.24,  1.96157e-08,  494829425,  0,
512,  64,  16384,  10,  2901.14,  1.9944e-08,  478235344,  0,
512,  65,  16640,  10,  2884.74,  1.75017e-08,  476609296,  0,
512,  65,  16640,  10,  2883.53,  1.75012e-08,  579433594,  0,
512,  66,  16896,  10,  2870.6,  5.60499e-09,  494787769,  0,
512,  66,  16896,  10,  2869.96,  5.82547e-09,  499418123,  0,
512,  67,  17152,  10,  2854.49,  5.28352e-09,  818827024,  0,
512,  67,  17152,  10,  2855.07,  5.09222e-09,  1045374901,  0,
512,  68,  17408,  10,  2839.79,  1.6891e-09,  730114699,  0,
512,  68,  17408,  10,  2841.21,  1.77969e-09,  790947025,  0,
512,  69,  17664,  10,  2824.39,  1.52862e-09,  1091804374,  0,
512,  69,  17664,  10,  2825.29,  1.44927e-09,  1134723197,  0,
512,  70,  17920,  10,  2810.39,  4.73335e-10,  864970458,  0,
512,  70,  17920,  10,  2809.33,  4.96529e-10,  849967267,  0,
512,  71,  18176,  10,  2794.69,  4.17078e-10,  1214927314,  0,
512,  71,  18176,  10,  2795.12,  4.17899e-10,  1132411766,  0,
512,  72,  18432,  10,  2779.68,  2.59076e-10,  893068445,  0,
512,  72,  18432,  10,  2778.83,  2.4391e-10,  838877996,  0,
512,  73,  18688,  10,  2762.73,  2.34404e-10,  1026176195,  0,
512,  73,  18688,  10,  2764.29,  1.37e-10,  1079667429,  0,
512,  74,  18944,  10,  2748.08,  3.47537e-10,  929381168,  0,
512,  74,  18944,  10,  2747.64,  7.23344e-11,  941000766,  0,
512,  75,  19200,  10,  2733.7,  1.33449e-10,  1350658366,  0,
512,  75,  19200,  10,  2733.34,  2.4087e-10,  1408079676,  0,

