64,  2,  64,  10,  848.165,  322.222,  3420874,  0,
64,  2,  64,  10,  848.165,  322.222,  3420874,  0,
64,  3,  96,  10,  1143.83,  233.057,  5539308,  0,
64,  3,  96,  10,  1144.68,  233.189,  3600368,  0,
64,  4,  128,  10,  1065.78,  193.887,  4178780,  0,
64,  4,  128,  10,  1065.19,  193.471,  4319169,  0,
64,  5,  160,  10,  1241.63,  154.334,  5111770,  0,
64,  5,  160,  10,  1241.83,  153.896,  5150236,  0,
64,  6,  192,  10,  1170.45,  132.075,  5988760,  0,
64,  6,  192,  10,  1170.17,  133.555,  5766975,  0,
64,  7,  224,  10,  1279.07,  111.382,  10008259,  0,
64,  7,  224,  10,  1279.36,  111.488,  7959579,  0,
64,  8,  256,  10,  1228.06,  97.2059,  6942920,  0,
64,  8,  256,  10,  1228.38,  97.6366,  6556358,  0,
64,  9,  288,  10,  1296.41,  85.3936,  7378771,  0,
64,  9,  288,  10,  1296.93,  85.6975,  7399238,  0,
64,  10,  320,  10,  1261.75,  74.1079,  8996069,  0,
64,  10,  320,  10,  1261.64,  74.3136,  8560941,  0,
64,  11,  352,  10,  1304.05,  67.535,  9504674,  0,
64,  11,  352,  10,  1303.77,  67.3935,  8685264,  0,
64,  12,  384,  10,  1281.18,  59.003,  9249696,  0,
64,  12,  384,  10,  1281.25,  58.484,  10272216,  0,
64,  13,  416,  10,  1306.21,  54.5129,  10101135,  0,
64,  13,  416,  10,  1307.25,  56.175,  10072426,  0,
64,  14,  448,  10,  1292.3,  47.8274,  11189185,  0,
64,  14,  448,  10,  1293.17,  47.2235,  11539274,  0,
64,  15,  480,  10,  1308.21,  46.5765,  13400675,  0,
64,  15,  480,  10,  1308.37,  45.4962,  11610146,  0,
64,  16,  512,  10,  1298.41,  39.5465,  13770054,  0,
64,  16,  512,  10,  1299.95,  40.5901,  11630515,  0,
64,  17,  544,  10,  1308.31,  38.6246,  12450376,  0,
64,  17,  544,  10,  1308.29,  37.9649,  12608636,  0,
64,  18,  576,  10,  1303.04,  33.0586,  12742403,  0,
64,  18,  576,  10,  1303.12,  32.7746,  12837046,  0,
64,  19,  608,  10,  1307.45,  31.813,  13418814,  0,
64,  19,  608,  10,  1307.01,  32.6134,  14743992,  0,
64,  20,  640,  10,  1304.27,  27.8645,  14476592,  0,
64,  20,  640,  10,  1303.95,  27.7021,  14087632,  0,
64,  21,  672,  10,  1307.98,  26.9654,  14749182,  0,
64,  21,  672,  10,  1307.24,  27.3727,  14998158,  0,
64,  22,  704,  10,  1305.81,  23.0223,  16773340,  0,
64,  22,  704,  10,  1305.03,  23.6745,  15495002,  0,
64,  23,  736,  10,  1307.37,  24.0438,  17372405,  0,
64,  23,  736,  10,  1305.84,  23.4757,  16254460,  0,
64,  24,  768,  10,  1303.92,  20.0189,  16934700,  0,
64,  24,  768,  10,  1304.32,  19.8866,  17879623,  0,
64,  25,  800,  10,  1304.9,  19.723,  17948882,  0,
64,  25,  800,  10,  1304.82,  20.3113,  17454283,  0,
64,  26,  832,  10,  1303.86,  16.7464,  18675754,  0,
64,  26,  832,  10,  1303.33,  17.8546,  18046981,  0,
64,  27,  864,  10,  1304.71,  16.75,  18674707,  0,
64,  27,  864,  10,  1304.66,  16.8376,  18280845,  0,
64,  28,  896,  10,  1303.36,  14.5963,  19081971,  0,
64,  28,  896,  10,  1302.89,  15.1921,  19139083,  0,
64,  29,  928,  10,  1301.98,  14.108,  21035983,  0,
64,  29,  928,  10,  1303.15,  14.4924,  20316819,  0,
64,  30,  960,  10,  1302.09,  12.3842,  20781572,  0,
64,  30,  960,  10,  1302.22,  12.1782,  21726907,  0,
64,  31,  992,  10,  1302.11,  12.6437,  21859881,  0,
64,  31,  992,  10,  1302.04,  12.3275,  21494081,  0,
64,  32,  1024,  10,  1301.48,  10.2828,  22502312,  0,
64,  32,  1024,  10,  1300.98,  10.4883,  22879718,  0,
64,  33,  1056,  10,  1301.39,  10.7583,  23854514,  0,
64,  33,  1056,  10,  1300.55,  10.0893,  24487397,  0,
64,  34,  1088,  10,  1300.61,  8.58332,  26323960,  0,
64,  34,  1088,  10,  1300.16,  8.6921,  27701455,  0,
64,  35,  1120,  10,  1300.42,  8.45867,  26153104,  0,
64,  35,  1120,  10,  1300.52,  8.95869,  24642443,  0,
64,  36,  1152,  10,  1299.25,  7.4188,  25908704,  0,
64,  36,  1152,  10,  1298.99,  7.03052,  23951291,  0,
64,  37,  1184,  10,  1300.03,  7.03127,  24960405,  0,
64,  37,  1184,  10,  1298.65,  7.02343,  25572349,  0,
64,  38,  1216,  10,  1299.76,  6.14075,  29067478,  0,
64,  38,  1216,  10,  1298.11,  5.42546,  26343725,  0,
64,  39,  1248,  10,  1297.99,  5.71838,  26629753,  0,
64,  39,  1248,  10,  1298.06,  6.06608,  26019978,  0,
64,  40,  1280,  10,  1297.63,  4.6918,  26098088,  0,
64,  40,  1280,  10,  1297.76,  5.20167,  26494586,  0,
64,  41,  1312,  10,  1297.2,  4.48103,  29483229,  0,
64,  41,  1312,  10,  1297.53,  4.8591,  28362468,  0,
64,  42,  1344,  10,  1296.47,  4.10395,  27365369,  0,
64,  42,  1344,  10,  1296.37,  4.05117,  28912657,  0,
64,  43,  1376,  10,  1295.27,  4.03057,  31910593,  0,
64,  43,  1376,  10,  1296.7,  3.99382,  27806390,  0,
64,  44,  1408,  10,  1294.99,  3.15068,  29052578,  0,
64,  44,  1408,  10,  1296.42,  3.25979,  28768511,  0,
64,  45,  1440,  10,  1294.11,  3.44279,  29385674,  0,
64,  45,  1440,  10,  1294.69,  3.14691,  28988078,  0,
64,  46,  1472,  10,  1293.46,  2.63002,  29573218,  0,
64,  46,  1472,  10,  1294.59,  2.60719,  30046271,  0,
64,  47,  1504,  10,  1294.56,  2.57525,  30772964,  0,
64,  47,  1504,  10,  1292.57,  2.24483,  30897107,  0,
64,  48,  1536,  10,  1294.07,  2.20921,  31135567,  0,
64,  48,  1536,  10,  1292.98,  2.10492,  31266338,  0,
64,  49,  1568,  10,  1293.24,  1.96551,  32386758,  0,
64,  49,  1568,  10,  1292.06,  2.05668,  33280798,  0,
64,  50,  1600,  10,  1292.88,  1.54395,  33458004,  0,
64,  50,  1600,  10,  1292.23,  1.40455,  33381604,  0,
64,  51,  1632,  10,  1291.53,  1.32073,  34121640,  0,
64,  51,  1632,  10,  1291.1,  1.39503,  34192753,  0,
64,  52,  1664,  10,  1290.6,  1.13505,  34820203,  0,
64,  52,  1664,  10,  1290.59,  1.16353,  34662635,  0,
64,  53,  1696,  10,  1289.45,  1.20227,  34913480,  0,
64,  53,  1696,  10,  1290.89,  1.22324,  39805276,  0,
64,  54,  1728,  10,  1290.43,  0.944629,  37279793,  0,
64,  54,  1728,  10,  1290.84,  0.935897,  35677214,  0,
64,  55,  1760,  10,  1289.64,  0.690019,  37356445,  0,
64,  55,  1760,  10,  1289.71,  0.773994,  37381371,  0,
64,  56,  1792,  10,  1289.68,  0.774427,  40521632,  0,
64,  56,  1792,  10,  1288.15,  0.651129,  39726137,  0,
64,  57,  1824,  10,  1288.08,  0.625203,  39349285,  0,
64,  57,  1824,  10,  1288.55,  0.642434,  37256502,  0,
64,  58,  1856,  10,  1288.05,  0.513672,  37726502,  0,
64,  58,  1856,  10,  1287.82,  0.556452,  41554812,  0,
64,  59,  1888,  10,  1287.95,  0.426047,  38549139,  0,
64,  59,  1888,  10,  1286.83,  0.442139,  38727984,  0,
64,  60,  1920,  10,  1285.65,  0.330855,  39991875,  0,
64,  60,  1920,  10,  1287.5,  0.345634,  40999785,  0,
64,  61,  1952,  10,  1287.16,  0.349965,  41926976,  0,
64,  61,  1952,  10,  1285.43,  0.359072,  40158101,  0,
64,  62,  1984,  10,  1285.69,  0.25552,  40530957,  0,
64,  62,  1984,  10,  1287.21,  0.280855,  41918949,  0,
64,  63,  2016,  10,  1285.97,  0.245791,  42470145,  0,
64,  63,  2016,  10,  1285.26,  0.23558,  43408377,  0,
64,  64,  2048,  10,  1284.94,  0.176656,  41252853,  0,
64,  64,  2048,  10,  1285.58,  0.172517,  41508010,  0,
64,  65,  2080,  10,  1285.61,  0.181211,  41871651,  0,
64,  65,  2080,  10,  1285.83,  0.194291,  42461943,  0,
64,  66,  2112,  10,  1284.43,  0.15261,  42212854,  0,
64,  66,  2112,  10,  1284.14,  0.132259,  42333569,  0,
64,  67,  2144,  10,  1283.58,  0.143731,  42607206,  0,
64,  67,  2144,  10,  1283.71,  0.133271,  45756862,  0,
64,  68,  2176,  10,  1282.77,  0.0932433,  44336260,  0,
64,  68,  2176,  10,  1282.38,  0.102252,  43206850,  0,
64,  69,  2208,  10,  1282.12,  0.0912315,  46494849,  0,
64,  69,  2208,  10,  1282.34,  0.0780813,  49564788,  0,
64,  70,  2240,  10,  1281.4,  0.0689559,  44960322,  0,
64,  70,  2240,  10,  1282.01,  0.0580996,  47120342,  0,
64,  71,  2272,  10,  1280.7,  0.0638772,  47585057,  0,
64,  71,  2272,  10,  1280.61,  0.0773408,  46027048,  0,
64,  72,  2304,  10,  1281.31,  0.0524958,  46430233,  0,
64,  72,  2304,  10,  1280.96,  0.0475001,  46213631,  0,
64,  73,  2336,  10,  1281.47,  0.0541845,  52808466,  0,
64,  73,  2336,  10,  1280.35,  0.0408694,  49529738,  0,
64,  74,  2368,  10,  1280.24,  0.0331151,  49814048,  0,
64,  74,  2368,  10,  1279.53,  0.0323285,  53315448,  0,
64,  75,  2400,  10,  1279.28,  0.0328026,  53340281,  0,
64,  75,  2400,  10,  1279.1,  0.0296066,  50761573,  0,
64,  76,  2432,  10,  1279.62,  0.0218208,  51721277,  0,
64,  76,  2432,  10,  1279.2,  0.0250925,  50338107,  0,
64,  77,  2464,  10,  1278.7,  0.0223455,  51318653,  0,
64,  77,  2464,  10,  1278.99,  0.0205111,  51280755,  0,
64,  78,  2496,  10,  1277.53,  0.0156838,  53058717,  0,
64,  78,  2496,  10,  1278.53,  0.0141626,  51167504,  0,
64,  79,  2528,  10,  1276.34,  0.0132404,  51819372,  0,
64,  79,  2528,  10,  1277.55,  0.0155952,  52108295,  0,
64,  80,  2560,  10,  1276.63,  0.0106514,  59001828,  0,
64,  80,  2560,  10,  1277.43,  0.00939784,  54908053,  0,
64,  81,  2592,  10,  1274.96,  0.00955482,  56248779,  0,
64,  81,  2592,  10,  1276.64,  0.0105592,  58060528,  0,
64,  82,  2624,  10,  1275.02,  0.00778345,  56578932,  0,
64,  82,  2624,  10,  1276,  0.00762897,  56766191,  0,
64,  83,  2656,  10,  1276.12,  0.00636466,  57721653,  0,
64,  83,  2656,  10,  1273.84,  0.00688642,  58186560,  0,
64,  84,  2688,  10,  1273.05,  0.00491037,  60441479,  0,
64,  84,  2688,  10,  1274,  0.00446266,  61600878,  0,
64,  85,  2720,  10,  1274.49,  0.00440242,  58863308,  0,
64,  85,  2720,  10,  1273.6,  0.00415967,  60674116,  0,
64,  86,  2752,  10,  1273.86,  0.00351605,  58966306,  0,
64,  86,  2752,  10,  1273.25,  0.0031723,  61518686,  0,
64,  87,  2784,  10,  1272.37,  0.00255508,  61026116,  0,
64,  87,  2784,  10,  1272.01,  0.003123,  59852851,  0,
64,  88,  2816,  10,  1272.14,  0.0019472,  63922050,  0,
64,  88,  2816,  10,  1272.38,  0.00201975,  63378502,  0,
64,  89,  2848,  10,  1272.37,  0.00198331,  58866279,  0,
64,  89,  2848,  10,  1271.25,  0.00163864,  58381011,  0,
64,  90,  2880,  10,  1271.8,  0.00145681,  58566856,  0,
64,  90,  2880,  10,  1269.87,  0.00153306,  59682379,  0,
64,  91,  2912,  10,  1270.4,  0.00120667,  61249445,  0,
64,  91,  2912,  10,  1270.63,  0.00155324,  61828760,  0,
64,  92,  2944,  10,  1270.27,  0.000856021,  64112355,  0,
64,  92,  2944,  10,  1270.16,  0.000789952,  65141069,  0,
64,  93,  2976,  10,  1269.15,  0.000900806,  69318448,  0,
64,  93,  2976,  10,  1269.64,  0.000914707,  63456311,  0,
64,  94,  3008,  10,  1268.48,  0.000514582,  64345841,  0,
64,  94,  3008,  10,  1270.38,  0.000567828,  64866804,  0,
64,  95,  3040,  10,  1268.96,  0.000540565,  66669665,  0,
64,  95,  3040,  10,  1268.52,  0.000617901,  65552491,  0,
64,  96,  3072,  10,  1267.4,  0.000395368,  66113287,  0,
64,  96,  3072,  10,  1268.52,  0.000392928,  66277080,  0,
64,  97,  3104,  10,  1267.26,  0.000388433,  73405806,  0,
64,  97,  3104,  10,  1268.24,  0.00037486,  75218554,  0,
64,  98,  3136,  10,  1266.41,  0.000277474,  67081094,  0,
64,  98,  3136,  10,  1266.75,  0.000239815,  64687343,  0,
64,  99,  3168,  10,  1267.4,  0.000217781,  69952642,  0,
64,  99,  3168,  10,  1267.2,  0.000228903,  64876016,  0,
64,  100,  3200,  10,  1265.55,  0.000137457,  64988038,  0,
64,  100,  3200,  10,  1266.07,  0.000134937,  65971204,  0,
64,  101,  3232,  10,  1265.9,  0.00014584,  68198363,  0,
64,  101,  3232,  10,  1265.07,  0.000129629,  68319439,  0,
64,  102,  3264,  10,  1264.86,  8.92162e-05,  75517667,  0,
64,  102,  3264,  10,  1263.91,  9.33333e-05,  71405593,  0,
64,  103,  3296,  10,  1263.88,  9.67258e-05,  70248365,  0,
64,  103,  3296,  10,  1264.09,  0.000106133,  69709981,  0,
64,  104,  3328,  10,  1264.36,  5.65788e-05,  74118094,  0,
64,  104,  3328,  10,  1265.14,  6.61906e-05,  72378488,  0,
64,  105,  3360,  10,  1263.6,  5.74038e-05,  71161729,  0,
64,  105,  3360,  10,  1263.05,  6.099e-05,  78640896,  0,
64,  106,  3392,  10,  1264.36,  3.75373e-05,  72547966,  0,
64,  106,  3392,  10,  1262.89,  4.32005e-05,  71689192,  0,
64,  107,  3424,  10,  1261.6,  4.0746e-05,  71411081,  0,
64,  107,  3424,  10,  1261.48,  4.22192e-05,  74696552,  0,
64,  108,  3456,  10,  1261.48,  2.56671e-05,  69538212,  0,
64,  108,  3456,  10,  1261.74,  2.64569e-05,  70465036,  0,
64,  109,  3488,  10,  1260.77,  2.49394e-05,  70946468,  0,
64,  109,  3488,  10,  1260.37,  2.00397e-05,  74912720,  0,
64,  110,  3520,  10,  1260.63,  1.3557e-05,  72210279,  0,
64,  110,  3520,  10,  1260.63,  1.3557e-05,  72210279,  0,
64,  111,  3552,  10,  1259.75,  1.66539e-05,  114600902,  0,
64,  111,  3552,  10,  1261.4,  1.9266e-05,  93446937,  0,
64,  112,  3584,  10,  1260.29,  8.81988e-06,  93946110,  0,
64,  112,  3584,  10,  1260.74,  8.91585e-06,  92137187,  0,
64,  113,  3616,  10,  1258.81,  1.02208e-05,  90103947,  0,
64,  113,  3616,  10,  1258.67,  8.50939e-06,  90289285,  0,
64,  114,  3648,  10,  1258.7,  6.01623e-06,  90357797,  0,
64,  114,  3648,  10,  1258.87,  4.82462e-06,  90402120,  0,
64,  115,  3680,  10,  1258,  5.48936e-06,  91786524,  0,
64,  115,  3680,  10,  1258.87,  4.97508e-06,  88034733,  0,
64,  116,  3712,  10,  1257.65,  4.01748e-06,  82901354,  0,
64,  116,  3712,  10,  1257.94,  3.23055e-06,  82951739,  0,
64,  117,  3744,  10,  1258.22,  3.41414e-06,  84486470,  0,
64,  117,  3744,  10,  1256.58,  3.73748e-06,  88414403,  0,
64,  118,  3776,  10,  1257.29,  2.39926e-06,  84812156,  0,
64,  118,  3776,  10,  1257.98,  2.08594e-06,  85357785,  0,
64,  119,  3808,  10,  1256.27,  1.74297e-06,  87856082,  0,
64,  119,  3808,  10,  1255.37,  2.0033e-06,  86408928,  0,
64,  120,  3840,  10,  1256.22,  1.34074e-06,  86860186,  0,
64,  120,  3840,  10,  1256.03,  1.23622e-06,  86726310,  0,
128,  2,  128,  10,  1202.2,  320.688,  4863336,  0,
128,  2,  128,  10,  1201.97,  319.922,  3764322,  0,
128,  3,  192,  10,  1618.15,  232.206,  4702614,  0,
128,  3,  192,  10,  1618.22,  233.381,  4342253,  0,
128,  4,  256,  10,  1505.58,  192.732,  5263901,  0,
128,  4,  256,  10,  1505.28,  193.121,  5090088,  0,
128,  5,  320,  10,  1753.85,  154.343,  6296062,  0,
128,  5,  320,  10,  1753.26,  153.686,  5942979,  0,
128,  6,  384,  10,  1653.01,  130.418,  7918850,  0,
128,  6,  384,  10,  1653.08,  130.35,  8001512,  0,
128,  7,  448,  10,  1805.44,  110.781,  7730722,  0,
128,  7,  448,  10,  1804.83,  109.778,  7458057,  0,
128,  8,  512,  10,  1732.68,  94.6951,  8595159,  0,
128,  8,  512,  10,  1733.29,  95.0041,  7781978,  0,
128,  9,  576,  10,  1826.65,  83.7016,  8386603,  0,
128,  9,  576,  10,  1827.35,  84.3822,  8659691,  0,
128,  10,  640,  10,  1778.99,  71.9555,  9134251,  0,
128,  10,  640,  10,  1778.22,  72.2084,  9221732,  0,
128,  11,  704,  10,  1836.03,  65.5732,  9985448,  0,
128,  11,  704,  10,  1835.27,  65.1714,  9968306,  0,
128,  12,  768,  10,  1805.66,  56.6483,  11731891,  0,
128,  12,  768,  10,  1804.85,  55.1928,  10750066,  0,
128,  13,  832,  10,  1838.28,  52.8525,  11456814,  0,
128,  13,  832,  10,  1838.8,  52.8467,  11484213,  0,
128,  14,  896,  10,  1819.76,  45.9861,  12097185,  0,
128,  14,  896,  10,  1819.34,  45.3349,  11647107,  0,
128,  15,  960,  10,  1838.63,  42.4272,  13699847,  0,
128,  15,  960,  10,  1838.6,  42.535,  13013237,  0,
128,  16,  1024,  10,  1826.47,  35.6399,  14169944,  0,
128,  16,  1024,  10,  1826.41,  35.8461,  13452633,  0,
128,  17,  1088,  10,  1836.99,  34.8428,  14191145,  0,
128,  17,  1088,  10,  1837.13,  35.231,  14141487,  0,
128,  18,  1152,  10,  1830.24,  29.2032,  14812673,  0,
128,  18,  1152,  10,  1830.2,  29.6166,  14861230,  0,
128,  19,  1216,  10,  1834.43,  28.4979,  15644976,  0,
128,  19,  1216,  10,  1835.05,  27.8346,  15796890,  0,
128,  20,  1280,  10,  1830.41,  23.8707,  17293142,  0,
128,  20,  1280,  10,  1830.15,  23.6388,  17829788,  0,
128,  21,  1344,  10,  1833.05,  22.5484,  17178931,  0,
128,  21,  1344,  10,  1832.95,  22.9763,  17158165,  0,
128,  22,  1408,  10,  1829.28,  18.8027,  17877360,  0,
128,  22,  1408,  10,  1829.33,  18.8491,  17926790,  0,
128,  23,  1472,  10,  1830.78,  18.5453,  18954481,  0,
128,  23,  1472,  10,  1829.14,  19.4751,  18799289,  0,
128,  24,  1536,  10,  1827.38,  15.9501,  23951557,  0,
128,  24,  1536,  10,  1828.2,  15.2629,  21370162,  0,
128,  25,  1600,  10,  1827.83,  15.5672,  19943749,  0,
128,  25,  1600,  10,  1826.85,  14.7361,  20811222,  0,
128,  26,  1664,  10,  1825.19,  12.091,  20581503,  0,
128,  26,  1664,  10,  1824.98,  12.0086,  23114872,  0,
128,  27,  1728,  10,  1824.91,  11.9746,  21284749,  0,
128,  27,  1728,  10,  1824.84,  12.0514,  21250098,  0,
128,  28,  1792,  10,  1822.61,  9.59015,  22163121,  0,
128,  28,  1792,  10,  1821.74,  9.00816,  25517606,  0,
128,  29,  1856,  10,  1820.84,  9.89184,  23998419,  0,
128,  29,  1856,  10,  1821.29,  9.57244,  26340483,  0,
128,  30,  1920,  10,  1819.48,  7.8514,  24773973,  0,
128,  30,  1920,  10,  1819.64,  7.22428,  24075398,  0,
128,  31,  1984,  10,  1819.82,  7.15421,  24524375,  0,
128,  31,  1984,  10,  1818.26,  7.33075,  24680024,  0,
128,  32,  2048,  10,  1818.13,  6.04083,  29567827,  0,
128,  32,  2048,  10,  1816.5,  5.54446,  25446936,  0,
128,  33,  2112,  10,  1816.04,  5.52492,  27135502,  0,
128,  33,  2112,  10,  1816.21,  5.25013,  29043804,  0,
128,  34,  2176,  10,  1814.5,  4.41653,  28276321,  0,
128,  34,  2176,  10,  1814.43,  4.32303,  26990768,  0,
128,  35,  2240,  10,  1811.98,  4.13216,  27779427,  0,
128,  35,  2240,  10,  1812.35,  4.08395,  28597398,  0,
128,  36,  2304,  10,  1811.8,  2.91209,  30945449,  0,
128,  36,  2304,  10,  1810.85,  3.27041,  28631400,  0,
128,  37,  2368,  10,  1809.47,  3.10315,  30278719,  0,
128,  37,  2368,  10,  1809.84,  2.94499,  30089884,  0,
128,  38,  2432,  10,  1808.39,  2.29424,  34806074,  0,
128,  38,  2432,  10,  1808.04,  2.12084,  30461090,  0,
128,  39,  2496,  10,  1806.6,  2.10727,  31384273,  0,
128,  39,  2496,  10,  1806.72,  2.0605,  31327590,  0,
128,  40,  2560,  10,  1804.94,  1.46808,  38987834,  0,
128,  40,  2560,  10,  1805.89,  1.48914,  34518568,  0,
128,  41,  2624,  10,  1805.11,  1.39753,  35547715,  0,
128,  41,  2624,  10,  1804.23,  1.6208,  35675941,  0,
128,  42,  2688,  10,  1802.94,  1.18368,  36350986,  0,
128,  42,  2688,  10,  1802.75,  1.05594,  36906819,  0,
128,  43,  2752,  10,  1800.62,  1.03581,  38031933,  0,
128,  43,  2752,  10,  1800.26,  1.01361,  37542353,  0,
128,  44,  2816,  10,  1798.42,  0.718584,  38471541,  0,
128,  44,  2816,  10,  1799.29,  0.714285,  38502700,  0,
128,  45,  2880,  10,  1798.18,  0.673804,  39609981,  0,
128,  45,  2880,  10,  1798.08,  0.67219,  40602081,  0,
128,  46,  2944,  10,  1796.65,  0.516522,  40479159,  0,
128,  46,  2944,  10,  1795.58,  0.496445,  38313381,  0,
128,  47,  3008,  10,  1795.07,  0.451812,  39411831,  0,
128,  47,  3008,  10,  1794.96,  0.474521,  39417127,  0,
128,  48,  3072,  10,  1793.76,  0.307495,  42814051,  0,
128,  48,  3072,  10,  1793.52,  0.318155,  40601260,  0,
128,  49,  3136,  10,  1792.07,  0.328392,  42418295,  0,
128,  49,  3136,  10,  1792.07,  0.303767,  42005775,  0,
128,  50,  3200,  10,  1790.99,  0.215868,  41145071,  0,
128,  50,  3200,  10,  1790.03,  0.210171,  41184721,  0,
128,  51,  3264,  10,  1789.28,  0.207304,  42954393,  0,
128,  51,  3264,  10,  1788.46,  0.219051,  44569276,  0,
128,  52,  3328,  10,  1788.22,  0.14986,  46065828,  0,
128,  52,  3328,  10,  1787.75,  0.135885,  43062472,  0,
128,  53,  3392,  10,  1785.44,  0.130057,  46230681,  0,
128,  53,  3392,  10,  1786.73,  0.13496,  44680793,  0,
128,  54,  3456,  10,  1784.76,  0.0913702,  46258077,  0,
128,  54,  3456,  10,  1785.01,  0.0848251,  44413052,  0,
128,  55,  3520,  10,  1783.1,  0.0761212,  46216006,  0,
128,  55,  3520,  10,  1783.92,  0.0824733,  46031013,  0,
128,  56,  3584,  10,  1781.99,  0.0524816,  47455956,  0,
128,  56,  3584,  10,  1781.97,  0.0563285,  48403775,  0,
128,  57,  3648,  10,  1778.8,  0.054297,  52393124,  0,
128,  57,  3648,  10,  1779.98,  0.0528181,  48118619,  0,
128,  58,  3712,  10,  1777.8,  0.0316368,  48314803,  0,
128,  58,  3712,  10,  1777.97,  0.0347616,  52933985,  0,
128,  59,  3776,  10,  1776.41,  0.0330933,  51382081,  0,
128,  59,  3776,  10,  1776.07,  0.0306943,  50959451,  0,
128,  60,  3840,  10,  1776.45,  0.0198341,  50736228,  0,
128,  60,  3840,  10,  1775.88,  0.0222495,  50403964,  0,
128,  61,  3904,  10,  1773.15,  0.0187677,  52497412,  0,
128,  61,  3904,  10,  1774.61,  0.0187377,  52672793,  0,
128,  62,  3968,  10,  1773.96,  0.0117909,  52498824,  0,
128,  62,  3968,  10,  1771.9,  0.0121065,  52561902,  0,
128,  63,  4032,  10,  1771.19,  0.0131514,  55934348,  0,
128,  63,  4032,  10,  1770.92,  0.0112991,  54711579,  0,
128,  64,  4096,  10,  1768.84,  0.00741882,  55605721,  0,
128,  64,  4096,  10,  1769.71,  0.00716837,  55473041,  0,
128,  65,  4160,  10,  1766.83,  0.00697434,  57375837,  0,
128,  65,  4160,  10,  1768.92,  0.00683295,  57222675,  0,
128,  66,  4224,  10,  1766.35,  0.00412587,  56524272,  0,
128,  66,  4224,  10,  1767.11,  0.00409207,  57041104,  0,
128,  67,  4288,  10,  1764.83,  0.00419088,  58115586,  0,
128,  67,  4288,  10,  1764.85,  0.00401688,  57750401,  0,
128,  68,  4352,  10,  1763.63,  0.00245182,  57896645,  0,
128,  68,  4352,  10,  1762.67,  0.00242544,  57852333,  0,
128,  69,  4416,  10,  1761.79,  0.00258192,  60511448,  0,
128,  69,  4416,  10,  1761.36,  0.00239959,  61855561,  0,
128,  70,  4480,  10,  1760.22,  0.00148711,  59713857,  0,
128,  70,  4480,  10,  1761.09,  0.0014076,  59730942,  0,
128,  71,  4544,  10,  1758.89,  0.00138272,  66130611,  0,
128,  71,  4544,  10,  1759.53,  0.00136744,  63069975,  0,
128,  72,  4608,  10,  1756.41,  0.000868512,  63215280,  0,
128,  72,  4608,  10,  1757.43,  0.000868449,  65023108,  0,
128,  73,  4672,  10,  1756.61,  0.000832853,  66688068,  0,
128,  73,  4672,  10,  1756.18,  0.000819758,  67192889,  0,
128,  74,  4736,  10,  1754.16,  0.000542512,  65196376,  0,
128,  74,  4736,  10,  1753.41,  0.000505564,  66083009,  0,
128,  75,  4800,  10,  1752.22,  0.000451504,  68675187,  0,
128,  75,  4800,  10,  1752.5,  0.000539372,  68336068,  0,
128,  76,  4864,  10,  1752.06,  0.000273444,  65305726,  0,
128,  76,  4864,  10,  1751.29,  0.000289948,  65514575,  0,
128,  77,  4928,  10,  1750.52,  0.000256872,  69273269,  0,
128,  77,  4928,  10,  1749.5,  0.000257249,  69318344,  0,
128,  78,  4992,  10,  1748.71,  0.000172926,  67703338,  0,
128,  78,  4992,  10,  1748.23,  0.000168403,  72669611,  0,
128,  79,  5056,  10,  1746.6,  0.000151678,  72697750,  0,
128,  79,  5056,  10,  1745.85,  0.000162336,  72248774,  0,
128,  80,  5120,  10,  1745.57,  8.24478e-05,  70956851,  0,
128,  80,  5120,  10,  1744.85,  8.42128e-05,  71097841,  0,
128,  81,  5184,  10,  1743.67,  7.93897e-05,  86210417,  0,
128,  81,  5184,  10,  1744.19,  8.17456e-05,  75864810,  0,
128,  82,  5248,  10,  1742.13,  4.58648e-05,  72143643,  0,
128,  82,  5248,  10,  1742.04,  4.7419e-05,  72066670,  0,
128,  83,  5312,  10,  1740.79,  4.59615e-05,  78606342,  0,
128,  83,  5312,  10,  1741.12,  4.42749e-05,  81753498,  0,
128,  84,  5376,  10,  1739.74,  2.64947e-05,  84874508,  0,
128,  84,  5376,  10,  1740.3,  2.91503e-05,  81098814,  0,
128,  85,  5440,  10,  1737.83,  2.30236e-05,  90949727,  0,
128,  85,  5440,  10,  1737.55,  2.44633e-05,  88775579,  0,
128,  86,  5504,  10,  1735.72,  1.40849e-05,  85648861,  0,
128,  86,  5504,  10,  1735.79,  1.50497e-05,  86644516,  0,
128,  87,  5568,  10,  1735.47,  1.46105e-05,  92584784,  0,
128,  87,  5568,  10,  1734.55,  1.27809e-05,  92419814,  0,
128,  88,  5632,  10,  1732.76,  7.74523e-06,  87668948,  0,
128,  88,  5632,  10,  1733.39,  8.37329e-06,  90272180,  0,
128,  89,  5696,  10,  1731.93,  7.60962e-06,  89934762,  0,
128,  89,  5696,  10,  1731.62,  7.14665e-06,  89936721,  0,
128,  90,  5760,  10,  1729.63,  4.2377e-06,  82309794,  0,
128,  90,  5760,  10,  1730.02,  4.20536e-06,  94516139,  0,
128,  91,  5824,  10,  1728.81,  4.06405e-06,  103621542,  0,
128,  91,  5824,  10,  1728.4,  3.86729e-06,  104098096,  0,
128,  92,  5888,  10,  1728.13,  2.27738e-06,  93928337,  0,
128,  92,  5888,  10,  1726.66,  2.25716e-06,  93626898,  0,
128,  93,  5952,  10,  1725.05,  1.87181e-06,  103669634,  0,
128,  93,  5952,  10,  1725.36,  1.98079e-06,  102789129,  0,
128,  94,  6016,  10,  1723.88,  1.19691e-06,  97582376,  0,
128,  94,  6016,  10,  1723.8,  1.09606e-06,  97011225,  0,
128,  95,  6080,  10,  1722.05,  1.00437e-06,  106997252,  0,
128,  95,  6080,  10,  1721.12,  1.05546e-06,  106606528,  0,
128,  96,  6144,  10,  1721.39,  6.20321e-07,  101208103,  0,
128,  96,  6144,  10,  1720.23,  5.9976e-07,  91695750,  0,
128,  97,  6208,  10,  1719.32,  5.73742e-07,  100050477,  0,
128,  97,  6208,  10,  1719.23,  5.84452e-07,  109623001,  0,
128,  98,  6272,  10,  1717.2,  3.07679e-07,  94709883,  0,
128,  98,  6272,  10,  1716.71,  2.98359e-07,  94467668,  0,
128,  99,  6336,  10,  1716.04,  3.0878e-07,  103885958,  0,
128,  99,  6336,  10,  1716.2,  2.76619e-07,  105846090,  0,
128,  100,  6400,  10,  1713.57,  1.38255e-07,  95213907,  0,
128,  100,  6400,  10,  1713.74,  1.70636e-07,  107745698,  0,
128,  101,  6464,  10,  1713.15,  1.50253e-07,  107863838,  0,
128,  101,  6464,  10,  1712.32,  1.35351e-07,  110070299,  0,
128,  102,  6528,  10,  1710.96,  7.72894e-08,  108988871,  0,
128,  102,  6528,  10,  1711.71,  7.62184e-08,  101165285,  0,
128,  103,  6592,  10,  1709.34,  7.36883e-08,  113580114,  0,
128,  103,  6592,  10,  1709.75,  7.52039e-08,  114378318,  0,
128,  104,  6656,  10,  1708.04,  3.58939e-08,  115051170,  0,
128,  104,  6656,  10,  1707.91,  3.94796e-08,  103622164,  0,
128,  105,  6720,  10,  1706.14,  3.20168e-08,  117031643,  0,
128,  105,  6720,  10,  1706.63,  3.72124e-08,  116835346,  0,
128,  106,  6784,  10,  1703.34,  1.8631e-08,  105153810,  0,
128,  106,  6784,  10,  1705.58,  1.56746e-08,  104879100,  0,
128,  107,  6848,  10,  1703.84,  1.65717e-08,  120283195,  0,
128,  107,  6848,  10,  1703.68,  1.753e-08,  121383781,  0,
128,  108,  6912,  10,  1701.52,  9.57218e-09,  109779988,  0,
128,  108,  6912,  10,  1702.5,  1.00429e-08,  109217694,  0,
128,  109,  6976,  10,  1699.78,  8.69838e-09,  125381786,  0,
128,  109,  6976,  10,  1700.31,  8.23332e-09,  125739163,  0,
128,  110,  7040,  10,  1699.1,  4.59375e-09,  114450242,  0,
128,  110,  7040,  10,  1699.01,  4.51116e-09,  111577308,  0,
128,  111,  7104,  10,  1696.95,  4.2319e-09,  130996817,  0,
128,  111,  7104,  10,  1696.73,  4.59878e-09,  129533423,  0,
128,  112,  7168,  10,  1695.89,  2.12464e-09,  135412092,  0,
128,  112,  7168,  10,  1694.73,  2.29652e-09,  119068228,  0,
128,  113,  7232,  10,  1693.32,  2.31852e-09,  136177936,  0,
128,  113,  7232,  10,  1692.48,  2.11721e-09,  146778482,  0,
128,  114,  7296,  10,  1691.8,  1.05857e-09,  118654886,  0,
128,  114,  7296,  10,  1692.81,  1.19493e-09,  118137476,  0,
128,  115,  7360,  10,  1691.06,  1.03674e-09,  143412727,  0,
128,  115,  7360,  10,  1691.04,  1.08915e-09,  129868658,  0,
128,  116,  7424,  10,  1689.15,  5.34991e-10,  124986873,  0,
128,  116,  7424,  10,  1689.15,  5.08481e-10,  124922093,  0,
128,  117,  7488,  10,  1686.72,  4.7333e-10,  140896261,  0,
128,  117,  7488,  10,  1688.39,  5.70501e-10,  139578101,  0,
128,  118,  7552,  10,  1685.51,  4.18618e-10,  133130423,  0,
128,  118,  7552,  10,  1685.2,  2.69636e-10,  125776488,  0,
128,  119,  7616,  10,  1685.34,  3.57953e-10,  153328970,  0,
128,  119,  7616,  10,  1684.83,  2.81501e-10,  146450261,  0,
128,  120,  7680,  10,  1682.9,  1.4739e-10,  127616662,  0,
128,  120,  7680,  10,  1683.39,  1.90999e-10,  128692834,  0,
256,  2,  256,  10,  1699.18,  319.129,  5070084,  0,
256,  2,  256,  10,  1698.76,  317.906,  4822054,  0,
256,  3,  384,  10,  2282.98,  232.537,  7115205,  0,
256,  3,  384,  10,  2282.78,  231.713,  6868337,  0,
256,  4,  512,  10,  2123.23,  189.877,  9623620,  0,
256,  4,  512,  10,  2123.33,  190.409,  8638459,  0,
256,  5,  640,  10,  2470.06,  152.817,  12801790,  0,
256,  5,  640,  10,  2469.62,  152.169,  12016177,  0,
256,  6,  768,  10,  2326.57,  126.803,  14083057,  0,
256,  6,  768,  10,  2325.37,  126.882,  12952984,  0,
256,  7,  896,  10,  2538.38,  108.043,  17457383,  0,
256,  7,  896,  10,  2538.81,  108.1,  16217749,  0,
256,  8,  1024,  10,  2434.61,  91.3024,  19221801,  0,
256,  8,  1024,  10,  2434.57,  91.1699,  16376120,  0,
256,  9,  1152,  10,  2566.28,  81.0165,  19748033,  0,
256,  9,  1152,  10,  2565.76,  81.1194,  19799134,  0,
256,  10,  1280,  10,  2495.94,  67.5872,  21741190,  0,
256,  10,  1280,  10,  2495.82,  67.0132,  22674929,  0,
256,  11,  1408,  10,  2573.65,  63.044,  25329115,  0,
256,  11,  1408,  10,  2574.13,  62.059,  23193783,  0,
256,  12,  1536,  10,  2528.27,  51.0376,  24030648,  0,
256,  12,  1536,  10,  2528.84,  51.4843,  22558221,  0,
256,  13,  1664,  10,  2574.23,  48.1444,  25203714,  0,
256,  13,  1664,  10,  2574.5,  48.4581,  26934873,  0,
256,  14,  1792,  10,  2544.04,  39.0724,  27004511,  0,
256,  14,  1792,  10,  2545.59,  38.8131,  30021624,  0,
256,  15,  1920,  10,  2571.18,  37.0972,  34796374,  0,
256,  15,  1920,  10,  2569.67,  37.3067,  36384455,  0,
256,  16,  2048,  10,  2550.48,  30.1296,  36421452,  0,
256,  16,  2048,  10,  2550.53,  30.1527,  33769685,  0,
256,  17,  2176,  10,  2563,  28.2933,  39999283,  0,
256,  17,  2176,  10,  2563.57,  28.4474,  37915533,  0,
256,  18,  2304,  10,  2550.8,  22.4631,  41715833,  0,
256,  18,  2304,  10,  2550.92,  22.5314,  39281899,  0,
256,  19,  2432,  10,  2555.99,  22.1505,  42847114,  0,
256,  19,  2432,  10,  2556.18,  21.715,  46623559,  0,
256,  20,  2560,  10,  2546.92,  16.9105,  41571977,  0,
256,  20,  2560,  10,  2546.24,  16.5796,  41987782,  0,
256,  21,  2688,  10,  2548.01,  16.4538,  45087875,  0,
256,  21,  2688,  10,  2548.99,  16.2467,  49099970,  0,
256,  22,  2816,  10,  2541.61,  11.94,  52773423,  0,
256,  22,  2816,  10,  2541.48,  12.1264,  51269008,  0,
256,  23,  2944,  10,  2540.49,  12.436,  51083125,  0,
256,  23,  2944,  10,  2540.74,  12.052,  52703372,  0,
256,  24,  3072,  10,  2534.66,  8.75284,  54544059,  0,
256,  24,  3072,  10,  2534.71,  8.43541,  49170159,  0,
256,  25,  3200,  10,  2533.01,  8.17091,  54315929,  0,
256,  25,  3200,  10,  2532.18,  8.5998,  52504664,  0,
256,  26,  3328,  10,  2527.56,  5.73863,  55015594,  0,
256,  26,  3328,  10,  2527.47,  6.01872,  57821160,  0,
256,  27,  3456,  10,  2523.31,  5.59658,  58380191,  0,
256,  27,  3456,  10,  2523.64,  5.56485,  62032617,  0,
256,  28,  3584,  10,  2518.97,  4.01866,  63713993,  0,
256,  28,  3584,  10,  2518.9,  3.79423,  70112652,  0,
256,  29,  3712,  10,  2516.58,  3.7613,  66707353,  0,
256,  29,  3712,  10,  2514.5,  3.79258,  65213739,  0,
256,  30,  3840,  10,  2511.14,  2.59993,  69365288,  0,
256,  30,  3840,  10,  2510.87,  2.53192,  66907428,  0,
256,  31,  3968,  10,  2506.6,  2.40935,  77045446,  0,
256,  31,  3968,  10,  2506.59,  2.48451,  69445770,  0,
256,  32,  4096,  10,  2501.58,  1.55388,  73310797,  0,
256,  32,  4096,  10,  2502.34,  1.48888,  75784938,  0,
256,  33,  4224,  10,  2499.18,  1.45191,  76714205,  0,
256,  33,  4224,  10,  2497.65,  1.51494,  80797253,  0,
256,  34,  4352,  10,  2492.18,  0.929062,  77879380,  0,
256,  34,  4352,  10,  2494.22,  0.971698,  71641347,  0,
256,  35,  4480,  10,  2489.13,  0.8656,  88777137,  0,
256,  35,  4480,  10,  2488.3,  0.879416,  87793868,  0,
256,  36,  4608,  10,  2486.28,  0.58009,  87516325,  0,
256,  36,  4608,  10,  2485.01,  0.574254,  85290170,  0,
256,  37,  4736,  10,  2481.75,  0.534462,  88981423,  0,
256,  37,  4736,  10,  2481.32,  0.535565,  94054129,  0,
256,  38,  4864,  10,  2476.99,  0.35167,  85863760,  0,
256,  38,  4864,  10,  2476.85,  0.320693,  81906143,  0,
256,  39,  4992,  10,  2471.77,  0.306194,  102070263,  0,
256,  39,  4992,  10,  2472.08,  0.316528,  100571884,  0,
256,  40,  5120,  10,  2469.12,  0.182339,  101823421,  0,
256,  40,  5120,  10,  2467.92,  0.183979,  96937559,  0,
256,  41,  5248,  10,  2463.16,  0.177814,  105480544,  0,
256,  41,  5248,  10,  2464.04,  0.166333,  102036039,  0,
256,  42,  5376,  10,  2458.97,  0.112996,  100683227,  0,
256,  42,  5376,  10,  2459.79,  0.103773,  96132194,  0,
256,  43,  5504,  10,  2454.91,  0.0987754,  111329934,  0,
256,  43,  5504,  10,  2454.85,  0.0929822,  114055129,  0,
256,  44,  5632,  10,  2449.88,  0.0542063,  108511871,  0,
256,  44,  5632,  10,  2451.49,  0.058518,  114461071,  0,
256,  45,  5760,  10,  2445.84,  0.0551333,  114981410,  0,
256,  45,  5760,  10,  2446.21,  0.0546056,  127901217,  0,
256,  46,  5888,  10,  2441.73,  0.0297321,  118977060,  0,
256,  46,  5888,  10,  2442.26,  0.0303138,  118918790,  0,
256,  47,  6016,  10,  2437.58,  0.028082,  126241180,  0,
256,  47,  6016,  10,  2437.6,  0.0294463,  137235970,  0,
256,  48,  6144,  10,  2432.77,  0.0161951,  129521276,  0,
256,  48,  6144,  10,  2432.67,  0.0167453,  131305712,  0,
256,  49,  6272,  10,  2428.48,  0.0143015,  124728044,  0,
256,  49,  6272,  10,  2428.45,  0.0151284,  138450424,  0,
256,  50,  6400,  10,  2424.7,  0.00834641,  131701894,  0,
256,  50,  6400,  10,  2424.39,  0.00829738,  133030831,  0,
256,  51,  6528,  10,  2420.22,  0.00759432,  144861103,  0,
256,  51,  6528,  10,  2419.93,  0.00789355,  136466230,  0,
256,  52,  6656,  10,  2415.63,  0.00419803,  142085662,  0,
256,  52,  6656,  10,  2415.24,  0.00421049,  138716479,  0,
256,  53,  6784,  10,  2410.48,  0.00395583,  152461985,  0,
256,  53,  6784,  10,  2411.84,  0.00409029,  153917593,  0,
256,  54,  6912,  10,  2407.03,  0.0020784,  139644279,  0,
256,  54,  6912,  10,  2406.47,  0.00218376,  142161618,  0,
256,  55,  7040,  10,  2400.2,  0.00201926,  164856134,  0,
256,  55,  7040,  10,  2403.53,  0.00213381,  168394565,  0,
256,  56,  7168,  10,  2397.99,  0.00108561,  156937698,  0,
256,  56,  7168,  10,  2397.62,  0.00106777,  149503969,  0,
256,  57,  7296,  10,  2392.78,  0.000956952,  173845507,  0,
256,  57,  7296,  10,  2393.16,  0.000983013,  163158414,  0,
256,  58,  7424,  10,  2388.64,  0.000497624,  166999569,  0,
256,  58,  7424,  10,  2388.38,  0.000513517,  163782827,  0,
256,  59,  7552,  10,  2384.28,  0.000442189,  191048098,  0,
256,  59,  7552,  10,  2383.76,  0.000463998,  186872679,  0,
256,  60,  7680,  10,  2379.86,  0.000235323,  175250258,  0,
256,  60,  7680,  10,  2379.94,  0.000246606,  163497006,  0,
256,  61,  7808,  10,  2374.84,  0.000227388,  188494325,  0,
256,  61,  7808,  10,  2374.5,  0.000228163,  191126406,  0,
256,  62,  7936,  10,  2369.68,  0.000115989,  180636103,  0,
256,  62,  7936,  10,  2370.68,  0.000116762,  179895028,  0,
256,  63,  8064,  10,  2365.14,  0.000109964,  219660505,  0,
256,  63,  8064,  10,  2365.81,  0.000113247,  212657135,  0,
256,  64,  8192,  10,  2361.88,  5.14267e-05,  179439749,  0,
256,  64,  8192,  10,  2362.29,  5.23411e-05,  189419166,  0,
256,  65,  8320,  10,  2356.74,  4.81649e-05,  228961271,  0,
256,  65,  8320,  10,  2357.76,  4.98977e-05,  223844577,  0,
256,  66,  8448,  10,  2352.06,  2.40592e-05,  181428364,  0,
256,  66,  8448,  10,  2351.89,  2.3541e-05,  205230876,  0,
256,  67,  8576,  10,  2347.74,  2.27155e-05,  234697038,  0,
256,  67,  8576,  10,  2347.67,  2.20272e-05,  243368882,  0,
256,  68,  8704,  10,  2343.03,  1.19535e-05,  214246909,  0,
256,  68,  8704,  10,  2343.65,  1.09932e-05,  208931331,  0,
256,  69,  8832,  10,  2338.36,  9.36905e-06,  256777188,  0,
256,  69,  8832,  10,  2339.13,  1.00128e-05,  255690787,  0,
256,  70,  8960,  10,  2333.43,  4.5544e-06,  217231606,  0,
256,  70,  8960,  10,  2333.32,  4.49948e-06,  210331101,  0,
256,  71,  9088,  10,  2329.45,  4.28388e-06,  263812692,  0,
256,  71,  9088,  10,  2330.36,  4.21547e-06,  251373849,  0,
256,  72,  9216,  10,  2324.9,  2.08511e-06,  228111993,  0,
256,  72,  9216,  10,  2324.95,  2.11905e-06,  230965347,  0,
256,  73,  9344,  10,  2321.3,  1.84429e-06,  243835747,  0,
256,  73,  9344,  10,  2320.21,  1.98157e-06,  279830430,  0,
256,  74,  9472,  10,  2315.63,  8.49912e-07,  238173130,  0,
256,  74,  9472,  10,  2316.17,  8.57369e-07,  232710935,  0,
256,  75,  9600,  10,  2312.11,  7.67244e-07,  297281344,  0,
256,  75,  9600,  10,  2311.62,  8.50388e-07,  296308267,  0,
256,  76,  9728,  10,  2307.02,  3.65334e-07,  243978408,  0,
256,  76,  9728,  10,  2307.54,  3.92322e-07,  246111468,  0,
256,  77,  9856,  10,  2302.71,  3.40342e-07,  283939536,  0,
256,  77,  9856,  10,  2301.85,  3.42068e-07,  313555557,  0,
256,  78,  9984,  10,  2296.91,  1.52783e-07,  257543639,  0,
256,  78,  9984,  10,  2297.19,  1.49373e-07,  265933007,  0,
256,  79,  10112,  10,  2293.08,  1.45549e-07,  298957343,  0,
256,  79,  10112,  10,  2292.4,  1.38206e-07,  291863608,  0,
256,  80,  10240,  10,  2288.55,  6.32049e-08,  273608589,  0,
256,  80,  10240,  10,  2288,  6.09802e-08,  274691137,  0,
256,  81,  10368,  10,  2282.77,  6.24936e-08,  341445503,  0,
256,  81,  10368,  10,  2283.77,  5.86751e-08,  352278610,  0,
256,  82,  10496,  10,  2278.76,  2.60642e-08,  281476832,  0,
256,  82,  10496,  10,  2279.11,  2.61747e-08,  287450489,  0,
256,  83,  10624,  10,  2274.05,  2.4472e-08,  353406342,  0,
256,  83,  10624,  10,  2274.11,  2.53587e-08,  347352500,  0,
256,  84,  10752,  10,  2268.18,  1.02099e-08,  299766313,  0,
256,  84,  10752,  10,  2269.01,  1.01818e-08,  288445620,  0,
256,  85,  10880,  10,  2264.41,  9.15282e-09,  399123712,  0,
256,  85,  10880,  10,  2264.24,  9.60072e-09,  368641735,  0,
256,  86,  11008,  10,  2260.09,  4.38141e-09,  308192041,  0,
256,  86,  11008,  10,  2260.27,  4.13607e-09,  303117312,  0,
256,  87,  11136,  10,  2255.74,  3.93588e-09,  394182375,  0,
256,  87,  11136,  10,  2254.79,  3.70833e-09,  403278406,  0,
256,  88,  11264,  10,  2250.11,  1.61373e-09,  315004482,  0,
256,  88,  11264,  10,  2250.29,  1.61345e-09,  309961890,  0,
256,  89,  11392,  10,  2245.66,  1.56227e-09,  405663631,  0,
256,  89,  11392,  10,  2245.31,  1.45102e-09,  411258776,  0,
256,  90,  11520,  10,  2239.64,  7.08533e-10,  323218943,  0,
256,  90,  11520,  10,  2240.88,  6.54302e-10,  330019178,  0,
256,  91,  11648,  10,  2235.67,  5.49247e-10,  429615488,  0,
256,  91,  11648,  10,  2235.65,  5.62949e-10,  429533771,  0,
256,  92,  11776,  10,  2231.76,  3.54883e-10,  338962682,  0,
256,  92,  11776,  10,  2231.76,  3.54883e-10,  338962682,  0,
256,  93,  11904,  10,  2226,  3.95231e-10,  480485782,  0,
256,  93,  11904,  10,  2226.92,  2.34081e-10,  459170243,  0,
256,  94,  12032,  10,  2221.15,  3.34546e-10,  353695469,  0,
256,  94,  12032,  10,  2222.27,  2.05947e-10,  355064435,  0,
256,  95,  12160,  10,  2217.7,  1.84991e-10,  485769598,  0,
256,  95,  12160,  10,  2215.85,  3.00019e-10,  461764061,  0,
256,  96,  12288,  10,  2211.71,  2.42532e-10,  369729004,  0,
256,  96,  12288,  10,  2211.51,  1.49985e-10,  386499308,  0,
256,  97,  12416,  10,  2207.24,  2.77315e-10,  491085494,  0,
256,  97,  12416,  10,  2206.97,  1.4677e-10,  426606804,  0,
256,  98,  12544,  10,  2201.59,  1.65574e-10,  393797756,  0,
256,  98,  12544,  10,  2202,  5.7736e-11,  403929941,  0,
256,  99,  12672,  10,  2197.05,  8.72101e-11,  535917324,  0,
256,  99,  12672,  10,  2197.61,  3.12317e-10,  540375194,  0,
256,  100,  12800,  10,  2191.65,  4.00372e-10,  413539144,  0,
256,  100,  12800,  10,  2193.5,  1.97045e-10,  395654517,  0,
256,  101,  12928,  10,  2188.01,  2.59176e-10,  553062201,  0,
256,  101,  12928,  10,  2187.18,  6.66698e-11,  499538672,  0,
256,  102,  13056,  10,  2182.68,  1.86465e-10,  409960940,  0,
256,  102,  13056,  10,  2182.7,  6.12613e-11,  414406059,  0,
256,  103,  13184,  10,  2178.16,  1.30731e-10,  542202736,  0,
256,  103,  13184,  10,  2177.22,  1.68596e-10,  579943008,  0,
256,  104,  13312,  10,  2171.67,  1.25225e-10,  414816795,  0,
256,  104,  13312,  10,  2172.74,  1.99234e-10,  446238038,  0,
256,  105,  13440,  10,  2167.75,  5.92392e-11,  613490470,  0,
256,  105,  13440,  10,  2167.57,  1.02643e-10,  581575073,  0,
256,  106,  13568,  10,  2162.02,  2.2863e-10,  493210658,  0,
256,  106,  13568,  10,  2162.87,  6.49403e-11,  480580848,  0,
256,  107,  13696,  10,  2156.42,  1.15281e-10,  590807231,  0,
256,  107,  13696,  10,  2157.51,  2.47998e-10,  555888596,  0,
256,  108,  13824,  10,  2152.38,  6.15225e-11,  494388794,  0,
256,  108,  13824,  10,  2153.73,  6.32297e-11,  513261665,  0,
256,  109,  13952,  10,  2147.65,  2.32325e-10,  668995056,  0,
256,  109,  13952,  10,  2147.43,  3.39745e-10,  580951154,  0,
256,  110,  14080,  10,  2142.73,  2.36199e-10,  497863979,  0,
256,  110,  14080,  10,  2143.58,  5.93925e-11,  508267502,  0,
256,  111,  14208,  10,  2136.85,  1.13258e-10,  638374814,  0,
256,  111,  14208,  10,  2136.92,  6.98258e-11,  690002040,  0,
256,  112,  14336,  10,  2131.72,  6.14296e-11,  543020229,  0,
256,  112,  14336,  10,  2131.95,  1.48513e-10,  517674738,  0,
256,  113,  14464,  10,  2127.48,  5.92464e-11,  738996694,  0,
256,  113,  14464,  10,  2128.12,  1.58333e-10,  718573060,  0,
256,  114,  14592,  10,  2122.53,  1.36165e-10,  534053093,  0,
256,  114,  14592,  10,  2122.61,  1.21877e-10,  525633206,  0,
256,  115,  14720,  10,  2116.94,  6.43701e-11,  736344087,  0,
256,  115,  14720,  10,  2117.3,  1.43065e-10,  729342612,  0,
256,  116,  14848,  10,  2113.42,  2.17916e-10,  567328275,  0,
256,  116,  14848,  10,  2112.83,  7.20497e-11,  556210379,  0,
256,  117,  14976,  10,  2107.58,  1.96993e-10,  767796768,  0,
256,  117,  14976,  10,  2107.73,  1.04258e-10,  756116899,  0,
256,  118,  15104,  10,  2102.23,  2.04157e-10,  546938030,  0,
256,  118,  15104,  10,  2102.22,  1.16588e-10,  547736224,  0,
256,  119,  15232,  10,  2097.52,  6.87942e-11,  723364007,  0,
256,  119,  15232,  10,  2096.95,  6.10448e-11,  802557477,  0,
256,  120,  15360,  10,  2092.43,  3.44011e-10,  582588574,  0,
256,  120,  15360,  10,  2092.62,  6.23954e-11,  576566627,  0,
